Metric (key = "distance") {float {1.0}}
Metric (key = "angle") {float {1.0}}
Metric (key = "time") {float {1.0}}
Metric (key = "up") {string {"z"}}

Node $node1
{
	Name {string {"Armature"}}

	Transform
	{
		float[16]
		{
			{1.0, 0.0, 0.0, 0.0,
			 0.0, 1.0, 0.0, 0.0,
			 0.0, 0.0, 1.0, 0.0,
			 0.9418538808822632, 0.01091824471950531, 0.46831753849983215, 1.0}
		}
	}

	BoneNode $node2
	{
		Name {string {"Arm.L"}}

		Transform %transform
		{
			float[16]
			{
				{0.0, -1.0, 0.0, 0.0,
				 0.8472293019294739, 0.0, -0.5312273502349854, 0.0,
				 0.5312273502349854, 0.0, 0.8472293019294739, 0.0,
				 0.0, 0.0, 0.0, 1.0}
			}
		}

		Animation
		{
			Track (target = %transform)
			{
				Time
				{
					Key {float {0.0, 0.041666666666666664, 0.08333333333333333, 0.125, 0.16666666666666666, 0.20833333333333331, 0.25, 0.29166666666666663, 0.3333333333333333, 0.375, 0.41666666666666663, 0.4583333333333333, 0.5, 0.5416666666666666, 0.5833333333333333, 0.625, 0.6666666666666666, 0.7083333333333333, 0.75, 0.7916666666666666, 0.8333333333333333, 0.875, 0.9166666666666666, 0.9583333333333333, 1.0, 1.0416666666666665, 1.0833333333333333, 1.125, 1.1666666666666665, 1.2083333333333333, 1.25, 1.2916666666666665, 1.3333333333333333, 1.375, 1.4166666666666665, 1.4583333333333333, 1.5, 1.5416666666666665, 1.5833333333333333, 1.6666666666666665}}
				}

				Value
				{
					Key
					{
						float[16]
						{
							{0.0, -1.0, 0.0, 0.0, 0.8472293019294739, 0.0, -0.5312273502349854, 0.0, 0.5312273502349854, 0.0, 0.8472293019294739, 0.0, 0.0, 0.0, 0.0, 1.0},
							{0.011045812629163265, -0.9999340772628784, -0.003134952625259757, 0.0, 0.8508478999137878, 0.011045812629163265, -0.5252958536148071, 0.0, 0.5252958536148071, 0.003134952625259757, 0.8509138226509094, 0.0, 0.0, 0.0, 0.0, 1.0},
							{0.044521111994981766, -0.9989349842071533, -0.012112515047192574, 0.0, 0.8611747622489929, 0.044521111994981766, -0.5063554644584656, 0.0, 0.5063554644584656, 0.012112515047192574, 0.8622397780418396, 0.0, 0.0, 0.0, 0.0, 1.0},
							{0.09956791251897812, -0.9947143793106079, -0.025090230628848076, 0.0, 0.8756137490272522, 0.09956791251897812, -0.4726381003856659, 0.0, 0.4726381003856659, 0.025090230628848076, 0.8808993697166443, 0.0, 0.0, 0.0, 0.0, 1.0},
							{0.17228899896144867, -0.9842902421951294, -0.038590963929891586, 0.0, 0.8894917964935303, 0.17228899896144867, -0.4232267439365387, 0.0, 0.4232267439365387, 0.038590963929891586, 0.9052015542984009, 0.0, 0.0, 0.0, 0.0, 1.0},
							{0.25481170415878296, -0.9657853245735168, -0.048266757279634476, 0.0, 0.8976952433586121, 0.25481170415878296, -0.3594638407230377, 0.0, 0.3594638407230377, 0.048266757279634476, 0.9319099187850952, 0.0, 0.0, 0.0, 0.0, 1.0},
							{0.3363925814628601, -0.9403590559959412, -0.050644103437662125, 0.0, 0.8973546028137207, 0.3363925814628601, -0.2856478691101074, 0.0, 0.2856478691101074, 0.050644103437662125, 0.9569955468177795, 0.0, 0.0, 0.0, 0.0, 1.0},
							{0.40666601061820984, -0.9124798774719238, -0.04475749656558037, 0.0, 0.8895910382270813, 0.40666601061820984, -0.2079676389694214, 0.0, 0.2079676389694214, 0.04475749656558037, 0.9771111607551575, 0.0, 0.0, 0.0, 0.0, 1.0},
							{0.4587138593196869, -0.887997031211853, -0.032293763011693954, 0.0, 0.8786857724189758, 0.4587138593196869, -0.1322607398033142, 0.0, 0.1322607398033142, 0.032293763011693954, 0.9906887412071228, 0.0, 0.0, 0.0, 0.0, 1.0},
							{0.48976391553878784, -0.8717019557952881, -0.016340699046850204, 0.0, 0.869620680809021, 0.48976391553878784, -0.06237884983420372, 0.0, 0.06237884983420372, 0.016340699046850204, 0.9979187846183777, 0.0, 0.0, 0.0, 0.0, 1.0},
							{0.4998687207698822, -0.8661012053489685, 0.0, 0.0, 0.8661012053489685, 0.4998687207698822, 0.0, 0.0, 0.0, 0.0, 1.0, 0.0, 0.0, 0.0, 0.0, 1.0},
							{0.4937041997909546, -0.869462251663208, 0.01707538031041622, 0.0, 0.867228627204895, 0.4937041997909546, 0.06458044052124023, 0.0, -0.06458044052124023, -0.01707538031041622, 0.997766375541687, 0.0, 0.0, 0.0, 0.0, 1.0},
							{0.4740023612976074, -0.8797986507415771, 0.03572278469800949, 0.0, 0.8691821694374084, 0.4740023612976074, 0.14086933434009552, 0.0, -0.14086933434009552, -0.03572278469800949, 0.9893835186958313, 0.0, 0.0, 0.0, 0.0, 1.0},
							{0.43937650322914124, -0.8967220187187195, 0.053271666169166565, 0.0, 0.8692440390586853, 0.43937650322914124, 0.2266341894865036, 0.0, -0.2266341894865036, -0.053271666169166565, 0.9725220203399658, 0.0, 0.0, 0.0, 0.0, 1.0},
							{0.3898451328277588, -0.9184904098510742, 0.06630343943834305, 0.0, 0.8645563125610352, 0.3898451328277588, 0.31711697578430176, 0.0, -0.31711697578430176, -0.06630343943834305, 0.9460659027099609, 0.0, 0.0, 0.0, 0.0, 1.0},
							{0.327778160572052, -0.9420325756072998, 0.07166650146245956, 0.0, 0.8534295558929443, 0.327778160572052, 0.405239999294281, 0.0, -0.405239999294281, -0.07166650146245956, 0.9113969802856445, 0.0, 0.0, 0.0, 0.0, 1.0},
							{0.25793349742889404, -0.9637755751609802, 0.06787482649087906, 0.0, 0.8365964889526367, 0.25793349742889404, 0.4832976758480072, 0.0, -0.4832976758480072, -0.06787482649087906, 0.8728209137916565, 0.0, 0.0, 0.0, 0.0, 1.0},
							{0.1861320436000824, -0.9809355139732361, 0.05585996434092522, 0.0, 0.8172626495361328, 0.1861320436000824, 0.5453774333000183, 0.0, -0.5453774333000183, -0.05585996434092522, 0.8363271355628967, 0.0, 0.0, 0.0, 0.0, 1.0},
							{0.11740490794181824, -0.9923411011695862, 0.038408175110816956, 0.0, 0.7997296452522278, 0.11740490794181824, 0.5887687802314758, 0.0, -0.5887687802314758, -0.038408175110816956, 0.8073884844779968, 0.0, 0.0, 0.0, 0.0, 1.0},
							{0.05491345003247261, -0.9983132481575012, 0.018847474828362465, 0.0, 0.7877182364463806, 0.05491345003247261, 0.6135833263397217, 0.0, -0.6135833263397217, -0.018847474828362465, 0.7894050478935242, 0.0, 0.0, 0.0, 0.0, 1.0},
							{0.0, -1.0, 0.0, 0.0, 0.7834762334823608, 0.0, 0.621421754360199, 0.0, -0.621421754360199, 0.0, 0.7834762334823608, 0.0, 0.0, 0.0, 0.0, 1.0},
							{-0.05587124079465866, -0.9982537627220154, -0.01917971298098564, 0.0, 0.7875961661338806, -0.05587124079465866, 0.6136535406112671, 0.0, -0.6136535406112671, 0.01917971298098564, 0.78934246301651, 0.0, 0.0, 0.0, 0.0, 1.0},
							{-0.12127889692783356, -0.9918240904808044, -0.0397043377161026, 0.0, 0.7990099191665649, -0.12127889692783356, 0.588960587978363, 0.0, -0.588960587978363, 0.0397043377161026, 0.8071858286857605, 0.0, 0.0, 0.0, 0.0, 1.0},
							{-0.1947862207889557, -0.9790965914726257, -0.05855044350028038, 0.0, 0.8150966763496399, -0.1947862207889557, 0.5455966591835022, 0.0, -0.5455966591835022, 0.05855044350028038, 0.8360000848770142, 0.0, 0.0, 0.0, 0.0, 1.0},
							{-0.27281221747398376, -0.959370493888855, -0.07198440283536911, 0.0, 0.8318337798118591, -0.27281221747398376, 0.4833487570285797, 0.0, -0.4833487570285797, 0.07198440283536911, 0.8724632859230042, 0.0, 0.0, 0.0, 0.0, 1.0},
							{-0.34953737258911133, -0.9337757229804993, -0.07672370970249176, 0.0, 0.8448879718780518, -0.34953737258911133, 0.4049542248249054, 0.0, -0.4049542248249054, 0.07672370970249176, 0.9111122488975525, 0.0, 0.0, 0.0, 0.0, 1.0},
							{-0.4181618392467499, -0.9055557250976562, -0.07148046791553497, 0.0, 0.8514555096626282, -0.4181618392467499, 0.31648725271224976, 0.0, -0.31648725271224976, 0.07148046791553497, 0.9458997845649719, 0.0, 0.0, 0.0, 0.0, 1.0},
							{-0.4730992913246155, -0.8791172504425049, -0.057705216109752655, 0.0, 0.8515707850456238, -0.4730992913246155, 0.22584117949008942, 0.0, -0.22584117949008942, 0.057705216109752655, 0.9724535346031189, 0.0, 0.0, 0.0, 0.0, 1.0},
							{-0.5115372538566589, -0.858384370803833, -0.03880658373236656, 0.0, 0.8477503061294556, -0.5115372538566589, 0.14017528295516968, 0.0, -0.14017528295516968, 0.03880658373236656, 0.9893659353256226, 0.0, 0.0, 0.0, 0.0, 1.0},
							{-0.5333760380744934, -0.8456743359565735, -0.018573392182588577, 0.0, 0.843438982963562, -0.5333760380744934, 0.06419283151626587, 0.0, -0.06419283151626587, 0.018573392182588577, 0.9977646470069885, 0.0, 0.0, 0.0, 0.0, 1.0},
							{-0.5401039123535156, -0.8415983319282532, 0.0, 0.0, 0.8415983319282532, -0.5401039123535156, 0.0, 0.0, 0.0, 0.0, 1.0, 0.0, 0.0, 0.0, 0.0, 1.0},
							{-0.5292527675628662, -0.8482781648635864, 0.01776670664548874, 0.0, 0.8461976647377014, -0.5292527675628662, -0.06197576969861984, 0.0, 0.06197576969861984, -0.01776670664548874, 0.997919499874115, 0.0, 0.0, 0.0, 0.0, 1.0},
							{-0.496183842420578, -0.867506742477417, 0.03512296825647354, 0.0, 0.8581959009170532, -0.496183842420578, -0.1315346211194992, 0.0, 0.1315346211194992, -0.03512296825647354, 0.9906891584396362, 0.0, 0.0, 0.0, 0.0, 1.0},
							{-0.4405815303325653, -0.8963897824287415, 0.04871569201350212, 0.0, 0.8734845519065857, -0.4405815303325653, -0.20715367794036865, 0.0, 0.20715367794036865, -0.04871569201350212, 0.9770947098731995, 0.0, 0.0, 0.0, 0.0, 1.0},
							{-0.3650909960269928, -0.9293357729911804, 0.05516871064901352, 0.0, 0.8862646818161011, -0.3650909960269928, -0.2850324213504791, 0.0, 0.2850324213504791, -0.05516871064901352, 0.9569289088249207, 0.0, 0.0, 0.0, 0.0, 1.0},
							{-0.27695703506469727, -0.9594412446022034, 0.05260523781180382, 0.0, 0.8912115693092346, -0.27695703506469727, -0.3592168688774109, 0.0, 0.3592168688774109, -0.05260523781180382, 0.9317703247070312, 0.0, 0.0, 0.0, 0.0, 1.0},
							{-0.18742415308952332, -0.9813783168792725, 0.042057495564222336, 0.0, 0.8863906264305115, -0.18742415308952332, -0.42330116033554077, 0.0, 0.42330116033554077, -0.042057495564222336, 0.905012309551239, 0.0, 0.0, 0.0, 0.0, 1.0},
							{-0.10834179073572159, -0.9937379956245422, 0.027329593896865845, 0.0, 0.8744624853134155, -0.10834179073572159, -0.47283971309661865, 0.0, 0.47283971309661865, -0.027329593896865845, 0.8807245492935181, 0.0, 0.0, 0.0, 0.0, 1.0},
							{-0.04843825846910477, -0.9987391829490662, 0.013184317387640476, 0.0, 0.8608737587928772, -0.04843825846910477, -0.5065076947212219, 0.0, 0.5065076947212219, -0.013184317387640476, 0.8621346354484558, 0.0, 0.0, 0.0, 0.0, 1.0},
							{-0.012015186250209808, -0.999921977519989, 0.0034104634542018175, 0.0, 0.8508052229881287, -0.012015186250209808, -0.5253437161445618, 0.0, 0.5253437161445618, -0.0034104634542018175, 0.8508832454681396, 0.0, 0.0, 0.0, 0.0, 1.0}
						}
					}
				}
			}
		}
	}

	BoneNode $node3
	{
		Name {string {"UpLeg.L"}}

		Transform %transform
		{
			float[16]
			{
				{0.1054929792881012, -0.5648030042648315, 0.818455159664154, 0.0,
				 0.2491375207901001, -0.7817871570587158, -0.5716111660003662, 0.0,
				 0.9627054333686829, 0.2642087936401367, 0.05824056267738342, 0.0,
				 -0.3671201467514038, -0.01091824471950531, -1.691532850265503, 1.0}
			}
		}

		Animation
		{
			Track (target = %transform)
			{
				Time
				{
					Key {float {0.0, 0.041666666666666664, 0.08333333333333333, 0.125, 0.16666666666666666, 0.20833333333333331, 0.25, 0.29166666666666663, 0.3333333333333333, 0.375, 0.41666666666666663, 0.4583333333333333, 0.5, 0.5416666666666666, 0.5833333333333333, 0.625, 0.6666666666666666, 0.7083333333333333, 0.75, 0.7916666666666666, 0.8333333333333333, 0.875, 0.9166666666666666, 0.9583333333333333, 1.0, 1.0416666666666665, 1.0833333333333333, 1.125, 1.1666666666666665, 1.2083333333333333, 1.25, 1.2916666666666665, 1.3333333333333333, 1.375, 1.4166666666666665, 1.4583333333333333, 1.5, 1.5416666666666665, 1.5833333333333333, 1.6666666666666665}}
				}

				Value
				{
					Key
					{
						float[16]
						{
							{0.1054929792881012, -0.5648030042648315, 0.818455159664154, 0.0, 0.2491375207901001, -0.7817871570587158, -0.5716111660003662, 0.0, 0.9627054333686829, 0.2642087936401367, 0.05824056267738342, 0.0, -0.3671201467514038, -0.01091824471950531, -1.691532850265503, 1.0},
							{0.10356946289539337, -0.5653480291366577, 0.8183245658874512, 0.0, 0.25095662474632263, -0.7812759280204773, -0.5715144872665405, 0.0, 0.9624417424201965, 0.2645553946495056, 0.060961514711380005, 0.0, -0.3671201467514038, -0.01091824471950531, -1.691532850265503, 1.0},
							{0.09770461916923523, -0.5674179196357727, 0.8176127076148987, 0.0, 0.25636354088783264, -0.7794688940048218, -0.5715819001197815, 0.0, 0.9616296291351318, 0.2654522955417633, 0.06930752098560333, 0.0, -0.3671201467514038, -0.01091824471950531, -1.691532850265503, 1.0},
							{0.08800768852233887, -0.5717817544937134, 0.8156715631484985, 0.0, 0.2650035619735718, -0.775900661945343, -0.5724955201148987, 0.0, 0.9602227807044983, 0.2665398418903351, 0.08323894441127777, 0.0, -0.3671201467514038, -0.01091824471950531, -1.691532850265503, 1.0},
							{0.07505738735198975, -0.5792795419692993, 0.811665952205658, 0.0, 0.2760617434978485, -0.7700775265693665, -0.5751265287399292, 0.0, 0.9582048058509827, 0.26723742485046387, 0.1021169126033783, 0.0, -0.3671201467514038, -0.01091824471950531, -1.691532850265503, 1.0},
							{0.05997800827026367, -0.5906243324279785, 0.804714560508728, 0.0, 0.28826195001602173, -0.7615706324577332, -0.5804438591003418, 0.0, 0.9556713700294495, 0.2667824625968933, 0.12457701563835144, 0.0, -0.3671201467514038, -0.01091824471950531, -1.691532850265503, 1.0},
							{0.04428949952125549, -0.6061594486236572, 0.7941089868545532, 0.0, 0.30006492137908936, -0.7501142024993896, -0.5893128514289856, 0.0, 0.9528900980949402, 0.2643846273422241, 0.14866496622562408, 0.0, -0.3671201467514038, -0.01091824471950531, -1.691532850265503, 1.0},
							{0.029534175992012024, -0.6257196664810181, 0.7794886231422424, 0.0, 0.31001293659210205, -0.7356399893760681, -0.6022672057151794, 0.0, 0.9502735137939453, 0.25943905115127563, 0.17225465178489685, 0.0, -0.3671201467514038, -0.01091824471950531, -1.691532850265503, 1.0},
							{0.0168912410736084, -0.6486981511116028, 0.7608582973480225, 0.0, 0.3170243203639984, -0.7182279229164124, -0.6193901896476746, 0.0, 0.9482670426368713, 0.2516728341579437, 0.19352130591869354, 0.0, -0.3671201467514038, -0.01091824471950531, -1.691532850265503, 1.0},
							{0.006997913122177124, -0.6742537021636963, 0.7384666204452515, 0.0, 0.32048508524894714, -0.698017954826355, -0.6403594017028809, 0.0, 0.9472277760505676, 0.24114872515201569, 0.21120360493659973, 0.0, -0.3671201467514038, -0.01091824471950531, -1.691532850265503, 1.0},
							{0.0, -0.7015158534049988, 0.7126538157463074, 0.0, 0.3201654851436615, -0.6751408576965332, -0.6645892262458801, 0.0, 0.9473616480827332, 0.22816716134548187, 0.224601149559021, 0.0, -0.3671201467514038, -0.01091824471950531, -1.691532850265503, 1.0},
							{-0.003741919994354248, -0.7332102656364441, 0.679991602897644, 0.0, 0.3187721371650696, -0.6453959345817566, -0.6941529512405396, 0.0, 0.9478239417076111, 0.21416489779949188, 0.23614199459552765, 0.0, -0.3671201467514038, -0.01091824471950531, -1.691532850265503, 1.0},
							{-0.003791123628616333, -0.7719616889953613, 0.6356576681137085, 0.0, 0.3188745081424713, -0.6034114360809326, -0.7308992147445679, 0.0, 0.9477893710136414, 0.19992409646511078, 0.2484464943408966, 0.0, -0.3671201467514038, -0.01091824471950531, -1.691532850265503, 1.0},
							{-0.00046016275882720947, -0.8158375024795532, 0.5782809853553772, 0.0, 0.3200266361236572, -0.5479884743690491, -0.7728464007377625, 0.0, 0.9474084377288818, 0.18470968306064606, 0.2613418698310852, 0.0, -0.3671201467514038, -0.01091824471950531, -1.691532850265503, 1.0},
							{0.005367249250411987, -0.8615260720252991, 0.5076849460601807, 0.0, 0.321547269821167, -0.479242742061615, -0.8166601061820984, 0.0, 0.9468783140182495, 0.16762790083885193, 0.2744491398334503, 0.0, -0.3671201467514038, -0.01091824471950531, -1.691532850265503, 1.0},
							{0.012140393257141113, -0.9047801494598389, 0.4257059097290039, 0.0, 0.32271119952201843, -0.3994104564189911, -0.8580960035324097, 0.0, 0.9464196562767029, 0.14779767394065857, 0.2871336340904236, 0.0, -0.3671201467514038, -0.01091824471950531, -1.691532850265503, 1.0},
							{0.017852701246738434, -0.9415648579597473, 0.3363581895828247, 0.0, 0.32304292917251587, -0.3129369914531708, -0.8931481838226318, 0.0, 0.9462159276008606, 0.1246032565832138, 0.2985790967941284, 0.0, -0.3671201467514038, -0.01091824471950531, -1.691532850265503, 1.0},
							{0.020549044013023376, -0.9693310260772705, 0.24489791691303253, 0.0, 0.3225177228450775, -0.2254277616739273, -0.9193284511566162, 0.0, 0.9463403224945068, 0.09787523746490479, 0.3079940974712372, 0.0, -0.3671201467514038, -0.01091824471950531, -1.691532850265503, 1.0},
							{0.018822353333234787, -0.9875333309173584, 0.15628038346767426, 0.0, 0.32151052355766296, -0.14202773571014404, -0.9361940026283264, 0.0, 0.9467189311981201, 0.06786715984344482, 0.3148290514945984, 0.0, -0.3671201467514038, -0.01091824471950531, -1.691532850265503, 1.0},
							{0.011997358873486519, -0.9971837401390076, 0.07403049618005753, 0.0, 0.32056373357772827, -0.06629248708486557, -0.9449043869972229, 0.0, 0.9471510052680969, 0.0350678488612175, 0.318865567445755, 0.0, -0.3671201467514038, -0.01091824471950531, -1.691532850265503, 1.0},
							{2.2351741790771484e-08, -0.9999999403953552, 8.940696716308594e-08, 0.0, 0.3201654851436615, -5.960464477539063e-08, -0.9473616480827332, 0.0, 0.9473616480827332, 5.774199962615967e-08, 0.3201654553413391, 0.0, -0.3671201467514038, -0.01091824471950531, -1.691532850265503, 1.0},
							{-0.01907568983733654, -0.9970953464508057, -0.07373522967100143, 0.0, 0.317047655582428, 0.06390998512506485, -0.9462538361549377, 0.0, 0.9482177495956421, -0.04142801836133003, 0.31490764021873474, 0.0, -0.3671201467514038, -0.01091824471950531, -1.691532850265503, 1.0},
							{-0.04768810048699379, -0.986881673336029, -0.15424105525016785, 0.0, 0.30831995606422424, 0.13233301043510437, -0.9420332908630371, 0.0, 0.9500866532325745, -0.09247936308383942, 0.29796460270881653, 0.0, -0.3671201467514038, -0.01091824471950531, -1.691532850265503, 1.0},
							{-0.08560658991336823, -0.9674835801124573, -0.23800605535507202, 0.0, 0.29539790749549866, 0.20349577069282532, -0.9334504008293152, 0.0, 0.951531171798706, -0.1502159684896469, 0.2683719992637634, 0.0, -0.3671201467514038, -0.01091824471950531, -1.691532850265503, 1.0},
							{-0.13093596696853638, -0.9384205341339111, -0.3197225332260132, 0.0, 0.28028833866119385, 0.2743009924888611, -0.9198898673057556, 0.0, 0.9509438276290894, -0.21006113290786743, 0.22711244225502014, 0.0, -0.3671201467514038, -0.01091824471950531, -1.691532850265503, 1.0},
							{-0.1798381507396698, -0.9016357064247131, -0.3933333158493042, 0.0, 0.26524168252944946, 0.34059661626815796, -0.9020204544067383, 0.0, 0.9472619295120239, -0.26654601097106934, 0.17789910733699799, 0.0, -0.3671201467514038, -0.01091824471950531, -1.691532850265503, 1.0},
							{-0.22720590233802795, -0.8615866899490356, -0.4539225101470947, 0.0, 0.25214338302612305, 0.3981727659702301, -0.881976306438446, 0.0, 0.9406387209892273, -0.31484368443489075, 0.12677614390850067, 0.0, -0.3671201467514038, -0.01091824471950531, -1.691532850265503, 1.0},
							{-0.26812973618507385, -0.8239284753799438, -0.49924758076667786, 0.0, 0.24203777313232422, 0.44398877024650574, -0.8627234697341919, 0.0, 0.9324828386306763, -0.3521585166454315, 0.08037525415420532, 0.0, -0.3671201467514038, -0.01091824471950531, -1.691532850265503, 1.0},
							{-0.2991721034049988, -0.7936158776283264, -0.529782772064209, 0.0, 0.23513248562812805, 0.4767761826515198, -0.8469930291175842, 0.0, 0.9247750043869019, -0.3779657483100891, 0.04396672546863556, 0.0, -0.3671201467514038, -0.01091824471950531, -1.691532850265503, 1.0},
							{-0.3186900019645691, -0.7737269997596741, -0.5475244522094727, 0.0, 0.23118175566196442, 0.49675026535987854, -0.8365370631217957, 0.0, 0.9192342758178711, -0.3931736350059509, 0.02056226134300232, 0.0, -0.3671201467514038, -0.01091824471950531, -1.691532850265503, 1.0},
							{-0.3263804316520691, -0.7653896808624268, -0.5546659827232361, 0.0, 0.22989720106124878, 0.5049023628234863, -0.8319982290267944, 0.0, 0.9168550372123718, -0.3990640342235565, 0.011170685291290283, 0.0, -0.3671201467514038, -0.01091824471950531, -1.691532850265503, 1.0},
							{-0.32136377692222595, -0.7833327651023865, -0.5320855379104614, 0.0, 0.22386392951011658, 0.48311907052993774, -0.8464519381523132, 0.0, 0.9201143383979797, -0.39113369584083557, 0.020103007555007935, 0.0, -0.3671201467514038, -0.01091824471950531, -1.691532850265503, 1.0},
							{-0.30046945810317993, -0.8392075300216675, -0.4532645344734192, 0.0, 0.20641186833381653, 0.40674877166748047, -0.8899155259132385, 0.0, 0.931188702583313, -0.3609515130519867, 0.05100680887699127, 0.0, -0.3671201467514038, -0.01091824471950531, -1.691532850265503, 1.0},
							{-0.2590322494506836, -0.9161823987960815, -0.3057972192764282, 0.0, 0.18172845244407654, 0.2647189497947693, -0.9470472931861877, 0.0, 0.9486185312271118, -0.300887793302536, 0.09792564809322357, 0.0, -0.3671201467514038, -0.01091824471950531, -1.691532850265503, 1.0},
							{-0.19412527978420258, -0.9772082567214966, -0.08590278029441833, 0.0, 0.15969859063625336, 0.05491914227604866, -0.9856370091438293, 0.0, 0.9678903818130493, -0.2050555944442749, 0.14539755880832672, 0.0, -0.3671201467514038, -0.01091824471950531, -1.691532850265503, 1.0},
							{-0.11201011389493942, -0.9773578643798828, 0.1795138120651245, 0.0, 0.1531006097793579, -0.19546709954738617, -0.9686861634254456, 0.0, 0.9818421602249146, -0.08101893961429596, 0.17152836918830872, 0.0, -0.3671201467514038, -0.01091824471950531, -1.691532850265503, 1.0},
							{-0.030032455921173096, -0.9011577367782593, 0.4324497878551483, 0.0, 0.16751274466514587, -0.4310636818408966, -0.8866360783576965, 0.0, 0.9854123592376709, 0.04581301659345627, 0.16390126943588257, 0.0, -0.3671201467514038, -0.01091824471950531, -1.691532850265503, 1.0},
							{0.0348200649023056, -0.7811543941497803, 0.6233660578727722, 0.0, 0.195320263504982, -0.6063967943191528, -0.7708001732826233, 0.0, 0.9801212549209595, 0.14859534800052643, 0.131460502743721, 0.0, -0.3671201467514038, -0.01091824471950531, -1.691532850265503, 1.0},
							{0.07677054405212402, -0.6667831540107727, 0.741287112236023, 0.0, 0.22340142726898193, -0.7130744457244873, -0.6645424365997314, 0.0, 0.9716986417770386, 0.21662189066410065, 0.09421716630458832, 0.0, -0.3671201467514038, -0.01091824471950531, -1.691532850265503, 1.0},
							{0.09881597757339478, -0.5906679630279541, 0.800841212272644, 0.0, 0.24256013333797455, -0.7662084698677063, -0.5950538516044617, 0.0, 0.9650906920433044, 0.2530529797077179, 0.06755882501602173, 0.0, -0.3671201467514038, -0.01091824471950531, -1.691532850265503, 1.0}
						}
					}
				}
			}
		}

		BoneNode $node4
		{
			Name {string {"LowLeg.L"}}

			Transform %transform
			{
				float[16]
				{
					{0.5945952534675598, 0.797731339931488, -0.10040512681007385, 0.0,
					 -0.772729754447937, 0.6014798283576965, 0.20275768637657166, 0.0,
					 0.22213786840438843, -0.042972713708877563, 0.974067747592926, 0.0,
					 -1.0943040251731873e-07, 1.627969741821289, -5.21540641784668e-08, 1.0}
				}
			}

			Animation
			{
				Track (target = %transform)
				{
					Time
					{
						Key {float {0.0, 0.041666666666666664, 0.08333333333333333, 0.125, 0.16666666666666666, 0.20833333333333331, 0.25, 0.29166666666666663, 0.3333333333333333, 0.375, 0.41666666666666663, 0.4583333333333333, 0.5, 0.5416666666666666, 0.5833333333333333, 0.625, 0.6666666666666666, 0.7083333333333333, 0.75, 0.7916666666666666, 0.8333333333333333, 0.875, 0.9166666666666666, 0.9583333333333333, 1.0, 1.0416666666666665, 1.0833333333333333, 1.125, 1.1666666666666665, 1.2083333333333333, 1.25, 1.2916666666666665, 1.3333333333333333, 1.375, 1.4166666666666665, 1.4583333333333333, 1.5, 1.5416666666666665, 1.5833333333333333, 1.6666666666666665}}
					}

					Value
					{
						Key
						{
							float[16]
							{
								{0.5945952534675598, 0.797731339931488, -0.10040512681007385, 0.0, -0.772729754447937, 0.6014798283576965, 0.20275768637657166, 0.0, 0.22213786840438843, -0.042972713708877563, 0.974067747592926, 0.0, -1.0943040251731873e-07, 1.627969741821289, -5.21540641784668e-08, 1.0},
								{0.5980271100997925, 0.7951692342758179, -0.10034723579883575, 0.0, -0.7703521847724915, 0.6048325896263123, 0.20182865858078003, 0.0, 0.2211812138557434, -0.04339629411697388, 0.9742667078971863, 0.0, 2.1141022443771362e-07, 1.6279698610305786, -1.4901161193847656e-08, 1.0},
								{0.6087620258331299, 0.7870076298713684, -0.10013832896947861, 0.0, -0.7627689838409424, 0.6153214573860168, 0.198904350399971, 0.0, 0.21815648674964905, -0.04470297694206238, 0.9748895168304443, 0.0, 2.92900949716568e-07, 1.6279699802398682, 3.725290298461914e-09, 1.0},
								{0.6270670294761658, 0.7725609540939331, -0.09968189150094986, 0.0, -0.7493118643760681, 0.6332086324691772, 0.19385197758674622, 0.0, 0.2128819227218628, -0.04686535894870758, 0.9759532809257507, 0.0, -3.487803041934967e-07, 1.6279698610305786, 6.332993507385254e-08, 1.0},
								{0.6524251699447632, 0.7513813972473145, -0.09882929176092148, 0.0, -0.7295106649398804, 0.6579924821853638, 0.18670815229415894, 0.0, 0.20531794428825378, -0.049716100096702576, 0.9774317741394043, 0.0, 2.2165477275848389e-07, 1.627969741821289, 5.21540641784668e-08, 1.0},
								{0.683333158493042, 0.7235788106918335, -0.09741430729627609, 0.0, -0.7034009695053101, 0.6882081627845764, 0.1777540147304535, 0.0, 0.19566038250923157, -0.052943840622901917, 0.9792414903640747, 0.0, 9.825453162193298e-08, 1.6279700994491577, -5.960464477539063e-08, 1.0},
								{0.7174617052078247, 0.6900460720062256, -0.09531646966934204, 0.0, -0.6717557907104492, 0.7215836048126221, 0.16751506924629211, 0.0, 0.1843719184398651, -0.05615629255771637, 0.9812510013580322, 0.0, -2.6728957891464233e-07, 1.6279702186584473, -7.450580596923828e-08, 1.0},
								{0.7522258758544922, 0.6523777842521667, -0.0925159752368927, 0.0, -0.6360329985618591, 0.7555943131446838, 0.15664947032928467, 0.0, 0.1720992624759674, -0.058992594480514526, 0.9833115935325623, 0.0, 3.259629011154175e-09, 1.6279698610305786, 1.4901161193847656e-08, 1.0},
								{0.7854507565498352, 0.6124768853187561, -0.08910233527421951, 0.0, -0.5980165004730225, 0.7881142497062683, 0.1457807719707489, 0.0, 0.15951021015644073, -0.06121888756752014, 0.9852963089942932, 0.0, -1.2316741049289703e-07, 1.6279698610305786, -4.470348358154297e-08, 1.0},
								{0.8157414197921753, 0.5721023082733154, -0.0852346420288086, 0.0, -0.5593857169151306, 0.8177781701087952, 0.13537541031837463, 0.0, 0.1471516191959381, -0.06275229156017303, 0.9871213436126709, 0.0, 7.799826562404633e-08, 1.6279699802398682, -2.9802322387695312e-08, 1.0},
								{0.8424732685089111, 0.532600462436676, -0.08108977973461151, 0.0, -0.5214478969573975, 0.8439719080924988, 0.12571212649345398, 0.0, 0.13539184629917145, -0.06362500041723251, 0.9887471199035645, 0.0, 6.190090573454654e-08, 1.6279699802398682, -5.960464477539063e-08, 1.0},
								{0.8695214986801147, 0.48804908990859985, -0.07576605677604675, 0.0, -0.47840452194213867, 0.8703990578651428, 0.11633788049221039, 0.0, 0.12272531539201736, -0.06491140276193619, 0.9903156757354736, 0.0, 1.3440148904919624e-07, 1.6279700994491577, 2.9802322387695312e-08, 1.0},
								{0.8994495272636414, 0.4316706955432892, -0.06819882988929749, 0.0, -0.4236072897911072, 0.8995250463485718, 0.10682368278503418, 0.0, 0.1074591726064682, -0.0671929270029068, 0.9919363260269165, 0.0, 7.863854989409447e-08, 1.6279700994491577, 5.960464477539063e-08, 1.0},
								{0.9294219613075256, 0.3643500804901123, -0.05851208046078682, 0.0, -0.35791826248168945, 0.928658127784729, 0.09740789234638214, 0.0, 0.08982831984758377, -0.0695905089378357, 0.9935229420661926, 0.0, -1.0892108548432589e-07, 1.6279700994491577, -2.9802322387695312e-08, 1.0},
								{0.9560975432395935, 0.2892213463783264, -0.04720603674650192, 0.0, -0.28441503643989563, 0.9546244144439697, 0.08832043409347534, 0.0, 0.0706082135438919, -0.07101687788963318, 0.9949730038642883, 0.0, 1.128646545112133e-07, 1.6279700994491577, -5.960464477539063e-08, 1.0},
								{0.9766478538513184, 0.2119431495666504, -0.03519643098115921, 0.0, -0.20865893363952637, 0.9747399091720581, 0.07964449375867844, 0.0, 0.05118749290704727, -0.07044060528278351, 0.9962016344070435, 0.0, 1.4854595065116882e-07, 1.6279698610305786, -3.725290298461914e-08, 1.0},
								{0.9899107217788696, 0.1397031992673874, -0.02365804836153984, 0.0, -0.13771897554397583, 0.9879086017608643, 0.0712040364742279, 0.0, 0.03331944718956947, -0.06722745299339294, 0.997181236743927, 0.0, 8.102506399154663e-08, 1.6279699802398682, -7.450580596923828e-09, 1.0},
								{0.9967650175094604, 0.07919170707464218, -0.013717755675315857, 0.0, -0.07818788290023804, 0.9949719905853271, 0.062588632106781, 0.0, 0.01860528253018856, -0.06131357699632645, 0.9979451894760132, 0.0, -2.8870999813079834e-08, 1.6279698610305786, 8.940696716308594e-08, 1.0},
								{0.9993727803230286, 0.03486568480730057, -0.0061986930668354034, 0.0, -0.03448646515607834, 0.9979819059371948, 0.053318511694669724, 0.0, 0.008045172318816185, -0.053071312606334686, 0.9985584020614624, 0.0, 8.381903171539307e-09, 1.6279702186584473, 2.0489096641540527e-08, 1.0},
								{0.9999623894691467, 0.008530821651220322, -0.001561734825372696, 0.0, -0.0084557319059968, 0.9990382194519043, 0.04302486404776573, 0.0, 0.0019272686913609505, -0.043010033667087555, 0.999072790145874, 0.0, 1.0826624929904938e-08, 1.6279699802398682, 3.3993273973464966e-08, 1.0},
								{1.0, 3.0245580262544536e-08, -1.2948419225722319e-07, 0.0, -2.6146583564923276e-08, 0.999502420425415, 0.0315401554107666, 0.0, 1.3037372070812125e-07, -0.031540125608444214, 0.9995024800300598, 0.0, -3.426015027230278e-10, 1.6279700994491577, -7.504954169235134e-08, 1.0},
								{0.9999938011169434, 0.0011595413088798523, -0.003326278179883957, 0.0, -0.0011019045487046242, 0.9998498558998108, 0.017282050102949142, 0.0, 0.003345828503370285, -0.017278261482715607, 0.9998450875282288, 0.0, 2.3283064365386963e-10, 1.627969741821289, 2.7939677238464355e-09, 1.0},
								{0.9998965263366699, 0.005112297832965851, -0.013444885611534119, 0.0, -0.005128359422087669, 0.9999859929084778, -0.0011580074205994606, 0.0, 0.013438764959573746, 0.0012268563732504845, 0.999908983707428, 0.0, 4.0978193283081055e-08, 1.6279699802398682, 3.166496753692627e-08, 1.0},
								{0.9994649887084961, 0.01262679323554039, -0.030171558260917664, 0.0, -0.013325957581400871, 0.9996446371078491, -0.023085404187440872, 0.0, 0.02986934781074524, 0.023475095629692078, 0.9992780685424805, 0.0, 8.009374141693115e-08, 1.6279699802398682, 7.450580596923828e-09, 1.0},
								{0.9983168840408325, 0.02448933944106102, -0.0525711253285408, 0.0, -0.026973074302077293, 0.9985274076461792, -0.047066979110240936, 0.0, 0.05134112387895584, 0.048405781388282776, 0.9975072741508484, 0.0, 1.6763806343078613e-08, 1.6279703378677368, -3.725290298461914e-08, 1.0},
								{0.996030867099762, 0.04137762635946274, -0.07880643755197525, 0.0, -0.04700552299618721, 0.9963714480400085, -0.07095224410295486, 0.0, 0.07558467239141464, 0.0743749663233757, 0.9943618178367615, 0.0, -9.313225746154785e-10, 1.6279698610305786, -4.470348358154297e-08, 1.0},
								{0.9922888278961182, 0.06369992345571518, -0.10632588714361191, 0.0, -0.07363280653953552, 0.9930078983306885, -0.09226732701063156, 0.0, 0.09970510005950928, 0.0993848666548729, 0.9900411367416382, 0.0, -1.0523945093154907e-07, 1.6279696226119995, 1.4901161193847656e-08, 1.0},
								{0.9869645833969116, 0.09148285537958145, -0.13240787386894226, 0.0, -0.1062181368470192, 0.9883649349212646, -0.10886861383914948, 0.0, 0.12090770155191422, 0.12151356786489487, 0.9851983189582825, 0.0, 4.423782229423523e-08, 1.6279698610305786, 6.146728992462158e-08, 1.0},
								{0.9800918698310852, 0.12437517195940018, -0.1547604650259018, 0.0, -0.14353296160697937, 0.9824086427688599, -0.11946287751197815, 0.0, 0.1371799111366272, 0.13929778337478638, 0.9807026982307434, 0.0, -2.421438694000244e-08, 1.6279698610305786, 4.936009645462036e-08, 1.0},
								{0.9717545509338379, 0.16175636649131775, -0.1718367487192154, 0.0, -0.18418489396572113, 0.9750751256942749, -0.12370967119932175, 0.0, 0.14754295349121094, 0.15186522901058197, 0.9773268103599548, 0.0, 7.404014468193054e-08, 1.6279698610305786, -5.8673322200775146e-08, 1.0},
								{0.9619908332824707, 0.20286664366722107, -0.18280768394470215, 0.0, -0.2269437462091446, 0.9662376642227173, -0.12198790907859802, 0.0, 0.1518884301185608, 0.15883831679821014, 0.9755511283874512, 0.0, 1.511070877313614e-07, 1.6279698610305786, 1.0058283805847168e-07, 1.0},
								{0.9481626749038696, 0.2546904683113098, -0.1900535374879837, 0.0, -0.27844053506851196, 0.9540669918060303, -0.11057468503713608, 0.0, 0.15316152572631836, 0.15776139497756958, 0.9755269289016724, 0.0, 1.8085120245814323e-07, 1.6279698610305786, -2.1653249859809875e-08, 1.0},
								{0.9257301092147827, 0.32400792837142944, -0.1950448602437973, 0.0, -0.3450789451599121, 0.934708297252655, -0.08509346842765808, 0.0, 0.15473908185958862, 0.14607946574687958, 0.9770960211753845, 0.0, -4.6566128730773926e-09, 1.6279699802398682, 4.470348358154297e-08, 1.0},
								{0.8919783234596252, 0.4076068699359894, -0.19552823901176453, 0.0, -0.42358243465423584, 0.9046668410301208, -0.046427495777606964, 0.0, 0.15796375274658203, 0.1242346465587616, 0.9795985221862793, 0.0, -1.30385160446167e-07, 1.6279698610305786, 7.450580596923828e-08, 1.0},
								{0.8457759022712708, 0.4988245368003845, -0.1893070638179779, 0.0, -0.5076307058334351, 0.861571729183197, 0.002278856933116913, 0.0, 0.16423840820789337, 0.09417064487934113, 0.981915295124054, 0.0, -1.862645149230957e-08, 1.6279699802398682, -2.7939677238464355e-08, 1.0},
								{0.7894377112388611, 0.5881762504577637, -0.17560425400733948, 0.0, -0.5885915756225586, 0.8065310120582581, 0.05538617819547653, 0.0, 0.17420712113380432, 0.05963524058461189, 0.9829016923904419, 0.0, -3.5390257835388184e-08, 1.6279702186584473, 1.1175870895385742e-08, 1.0},
								{0.729292631149292, 0.6661380529403687, -0.1561800092458725, 0.0, -0.6581417918205261, 0.7453930974006653, 0.1060110405087471, 0.0, 0.1870335340499878, 0.025475479662418365, 0.9820231199264526, 0.0, -2.0023435354232788e-08, 1.6279699802398682, 1.1175870895385742e-08, 1.0},
								{0.6737900972366333, 0.7264818549156189, -0.13502225279808044, 0.0, -0.7111982107162476, 0.6871746778488159, 0.1482841521501541, 0.0, 0.20050965249538422, -0.003884800709784031, 0.979684054851532, 0.0, -2.0978040993213654e-07, 1.6279702186584473, -1.4901161193847656e-08, 1.0},
								{0.630369246006012, 0.7674784064292908, -0.11666734516620636, 0.0, -0.7467799186706543, 0.6405617594718933, 0.17888620495796204, 0.0, 0.21202398836612701, -0.02563956379890442, 0.9769280552864075, 0.0, 6.216578185558319e-08, 1.6279699802398682, -1.0943040251731873e-08, 1.0},
								{0.6034914255142212, 0.7904850244522095, -0.10455557703971863, 0.0, -0.7665438652038574, 0.6112584471702576, 0.19691064953804016, 0.0, 0.21956536173820496, -0.03868747502565384, 0.9748304486274719, 0.0, -1.2386590242385864e-07, 1.6279700994491577, -1.6763806343078613e-08, 1.0}
							}
						}
					}
				}
			}
		}
	}

	BoneNode $node5
	{
		Name {string {"Arm.R"}}

		Transform %transform
		{
			float[16]
			{
				{0.0, 1.0, 0.0, 0.0,
				 -0.7860646843910217, 0.0, 0.6181442737579346, 0.0,
				 0.6181442737579346, 0.0, 0.7860646843910217, 0.0,
				 -1.8837077617645264, 0.0, 0.0, 1.0}
			}
		}

		Animation
		{
			Track (target = %transform)
			{
				Time
				{
					Key {float {0.0, 0.041666666666666664, 0.08333333333333333, 0.125, 0.16666666666666666, 0.20833333333333331, 0.25, 0.29166666666666663, 0.3333333333333333, 0.375, 0.41666666666666663, 0.4583333333333333, 0.5, 0.5416666666666666, 0.5833333333333333, 0.625, 0.6666666666666666, 0.7083333333333333, 0.75, 0.7916666666666666, 0.8333333333333333, 0.875, 0.9166666666666666, 0.9583333333333333, 1.0, 1.0416666666666665, 1.0833333333333333, 1.125, 1.1666666666666665, 1.2083333333333333, 1.25, 1.2916666666666665, 1.3333333333333333, 1.375, 1.4166666666666665, 1.4583333333333333, 1.5, 1.5416666666666665, 1.5833333333333333, 1.6666666666666665}}
				}

				Value
				{
					Key
					{
						float[16]
						{
							{0.0, 1.0, 0.0, 0.0, -0.7860646843910217, 0.0, 0.6181442737579346, 0.0, 0.6181442737579346, 0.0, 0.7860646843910217, 0.0, -1.8837077617645264, 0.0, 0.0, 1.0},
							{-0.011823620647192001, 0.999921977519989, 0.004032743163406849, 0.0, -0.7915113568305969, -0.011823620647192001, 0.6110400557518005, 0.0, 0.6110400557518005, 0.004032743163406849, 0.7915894389152527, 0.0, -1.8837077617645264, 0.0, 0.0, 1.0},
							{-0.047773804515600204, 0.998737096786499, 0.015552975237369537, 0.0, -0.8071997165679932, -0.047773804515600204, 0.5883419513702393, 0.0, 0.5883419513702393, 0.015552975237369537, 0.8084626793861389, 0.0, -1.8837077617645264, 0.0, 0.0, 1.0},
							{-0.10722240060567856, 0.9937167763710022, 0.03209799900650978, 0.0, -0.8297427892684937, -0.10722240060567856, 0.5477501749992371, 0.0, 0.5477501749992371, 0.03209799900650978, 0.8360260128974915, 0.0, -1.8837077617645264, 0.0, 0.0, 1.0},
							{-0.18621788918972015, 0.9812836647033691, 0.04904305934906006, 0.0, -0.8527743220329285, -0.18621788918972015, 0.4879537522792816, 0.0, 0.4879537522792816, 0.04904305934906006, 0.8714905977249146, 0.0, -1.8837077617645264, 0.0, 0.0, 1.0},
							{-0.276159405708313, 0.959194004535675, 0.060686495155096054, 0.0, -0.8689413070678711, -0.276159405708313, 0.41070306301116943, 0.0, 0.41070306301116943, 0.060686495155096054, 0.909747302532196, 0.0, -1.8837077617645264, 0.0, 0.0, 1.0},
							{-0.36495113372802734, 0.928912878036499, 0.06270217150449753, 0.0, -0.8736066222190857, -0.36495113372802734, 0.32190391421318054, 0.0, 0.32190391421318054, 0.06270217150449753, 0.9446937441825867, 0.0, -1.8837077617645264, 0.0, 0.0, 1.0},
							{-0.4409336447715759, 0.8958942890167236, 0.054322272539138794, 0.0, -0.8675490021705627, -0.4409336447715759, 0.2300788313150406, 0.0, 0.2300788313150406, 0.054322272539138794, 0.9716546535491943, 0.0, -1.8837077617645264, 0.0, 0.0, 1.0},
							{-0.4966363310813904, 0.8671140670776367, 0.03828311711549759, 0.0, -0.8560850620269775, -0.4966363310813904, 0.14307595789432526, 0.0, 0.14307595789432526, 0.03828311711549759, 0.9889709949493408, 0.0, -1.8837077617645264, 0.0, 0.0, 1.0},
							{-0.5295007228851318, 0.8480995893478394, 0.01886977069079876, 0.0, -0.8457555174827576, -0.5295007228851318, 0.0657770186662674, 0.0, 0.0657770186662674, 0.01886977069079876, 0.9976559281349182, 0.0, -1.8837077617645264, 0.0, 0.0, 1.0},
							{-0.5401039123535156, 0.8415983319282532, 0.0, 0.0, -0.8415983319282532, -0.5401039123535156, 0.0, 0.0, 0.0, 0.0, 1.0, 0.0, -1.8837077617645264, 0.0, 0.0, 1.0},
							{-0.5332772135734558, 0.8457351922988892, -0.018639152869582176, 0.0, -0.8434830904006958, -0.5332772135734558, -0.06443358957767487, 0.0, -0.06443358957767487, -0.018639152869582176, 0.9977478981018066, 0.0, -1.8837077617645264, 0.0, 0.0, 1.0},
							{-0.5116296410560608, 0.8583647012710571, -0.038014691323041916, 0.0, -0.8481616377830505, -0.5116296410560608, -0.1373206079006195, 0.0, -0.1373206079006195, -0.038014691323041916, 0.9897969365119934, 0.0, -1.8837077617645264, 0.0, 0.0, 1.0},
							{-0.4738690257072449, 0.8788505792617798, -0.05540597811341286, 0.0, -0.8535114526748657, -0.4738690257072449, -0.21671727299690247, 0.0, -0.21671727299690247, -0.05540597811341286, 0.9746608734130859, 0.0, -1.8837077617645264, 0.0, 0.0, 1.0},
