Metric (key = "distance") {float {1.0}}
Metric (key = "angle") {float {1.0}}
Metric (key = "time") {float {1.0}}
Metric (key = "up") {string {"z"}}

Node $node1
{
	Name {string {"BezierCircle"}}

	Transform %transform
	{
		float[16]
		{
			{6.686488151550293, 0.0, 0.0, 0.0,
			 0.0, 6.686488151550293, 0.0, 0.0,
			 0.0, 0.0, 6.686488151550293, 0.0,
			 0.0, 0.0, 3.0, 1.0}
		}
	}
}

CameraNode $node2
{
	Name {string {"Camera"}}
	ObjectRef {ref {$camera1}}

	Transform %transform
	{
		float[16]
		{
			{0.9972262382507324, -0.07442960143089294, 0.0, 0.0,
			 0.006486972328275442, 0.0869140699505806, 0.9961947202682495, 0.0,
			 -0.07414637506008148, -0.9934315085411072, 0.0871557965874672, 0.0,
			 -0.5026997923851013, -6.652649402618408, 3.0, 1.0}
		}
	}

	Animation
	{
		Track (target = %transform)
		{
			Time
			{
				Key {float {0.0, 0.041666666666666664, 0.08333333333333333, 0.125, 0.16666666666666666, 0.20833333333333331, 0.25, 0.29166666666666663, 0.3333333333333333, 0.375, 0.41666666666666663, 0.4583333333333333, 0.5, 0.5416666666666666, 0.5833333333333333, 0.625, 0.6666666666666666, 0.7083333333333333, 0.75, 0.7916666666666666, 0.8333333333333333, 0.875, 0.9166666666666666, 0.9583333333333333, 1.0, 1.0416666666666665, 1.0833333333333333, 1.125, 1.1666666666666665, 1.2083333333333333, 1.25, 1.2916666666666665, 1.3333333333333333, 1.375, 1.4166666666666665, 1.4583333333333333, 1.5, 1.5416666666666665, 1.5833333333333333, 1.625, 1.6666666666666665, 1.7083333333333333, 1.75, 1.7916666666666665, 1.8333333333333333, 1.875, 1.9166666666666665, 1.9583333333333333, 2.0, 2.0416666666666665, 2.083333333333333, 2.125, 2.1666666666666665, 2.208333333333333, 2.25, 2.2916666666666665, 2.333333333333333, 2.375, 2.4166666666666665, 2.458333333333333, 2.5, 2.5416666666666665, 2.583333333333333, 2.625, 2.6666666666666665, 2.708333333333333, 2.75, 2.7916666666666665, 2.833333333333333, 2.875, 2.9166666666666665, 2.958333333333333, 3.0, 3.0416666666666665, 3.083333333333333, 3.125, 3.1666666666666665, 3.208333333333333, 3.25, 3.2916666666666665, 3.333333333333333, 3.375, 3.4166666666666665, 3.458333333333333, 3.5, 3.5416666666666665, 3.583333333333333, 3.625, 3.6666666666666665, 3.708333333333333, 3.75, 3.7916666666666665, 3.833333333333333, 3.875, 3.9166666666666665, 3.958333333333333, 4.0, 4.041666666666666, 4.083333333333333, 4.125, 4.166666666666666, 4.208333333333333, 4.25, 4.291666666666666, 4.333333333333333, 4.375, 4.416666666666666, 4.458333333333333, 4.5, 4.541666666666666, 4.583333333333333, 4.625, 4.666666666666666, 4.708333333333333, 4.75, 4.791666666666666, 4.833333333333333, 4.875, 4.916666666666666, 4.958333333333333, 5.0, 5.041666666666666, 5.083333333333333, 5.125, 5.166666666666666, 5.208333333333333, 5.25, 5.291666666666666, 5.333333333333333, 5.375, 5.416666666666666, 5.458333333333333, 5.5, 5.541666666666666, 5.583333333333333, 5.625, 5.666666666666666, 5.708333333333333, 5.75, 5.791666666666666, 5.833333333333333, 5.875, 5.916666666666666, 5.958333333333333, 6.0, 6.041666666666666, 6.083333333333333, 6.125, 6.166666666666666, 6.208333333333333, 6.25, 6.291666666666666, 6.333333333333333, 6.375, 6.416666666666666, 6.458333333333333, 6.5, 6.541666666666666, 6.583333333333333, 6.625, 6.666666666666666, 6.708333333333333, 6.75, 6.791666666666666, 6.833333333333333, 6.875, 6.916666666666666, 6.958333333333333, 7.0, 7.041666666666666, 7.083333333333333, 7.125, 7.166666666666666, 7.208333333333333, 7.25, 7.291666666666666, 7.333333333333333, 7.375, 7.416666666666666, 7.458333333333333, 7.5, 7.541666666666666, 7.583333333333333, 7.625, 7.666666666666666, 7.708333333333333, 7.75, 7.791666666666666, 7.833333333333333, 7.875, 7.916666666666666, 7.958333333333333, 8.0, 8.041666666666666, 8.083333333333332, 8.125, 8.166666666666666, 8.208333333333332, 8.25, 8.291666666666666, 8.333333333333332, 8.375, 8.416666666666666, 8.458333333333332, 8.5, 8.541666666666666, 8.583333333333332, 8.625, 8.666666666666666, 8.708333333333332, 8.75, 8.791666666666666, 8.833333333333332, 8.875, 8.916666666666666, 8.958333333333332, 9.0, 9.041666666666666, 9.083333333333332, 9.125, 9.166666666666666, 9.208333333333332, 9.25, 9.291666666666666, 9.333333333333332, 9.375, 9.416666666666666, 9.458333333333332, 9.5, 9.541666666666666, 9.583333333333332, 9.625, 9.666666666666666, 9.708333333333332, 9.75, 9.791666666666666, 9.833333333333332, 9.875, 9.916666666666666, 9.958333333333332, 10.0, 10.041666666666666, 10.083333333333332, 10.125, 10.166666666666666, 10.208333333333332, 10.25, 10.291666666666666, 10.333333333333332, 10.416666666666666}}
			}

			Value
			{
				Key
				{
					float[16]
					{
						{1.0, 4.2782230025295576e-07, 0.0, 0.0, -3.728719377704692e-08, 0.08715580403804779, 0.9961947202682495, 0.0, 4.2619433315849165e-07, -0.9961947202682495, 0.08715580403804779, 0.0, 0.0, -6.686488151550293, 3.0, 1.0},
						{0.9996916651725769, -0.02483033947646618, 0.0, 0.0, 0.0021641079802066088, 0.08712892979383469, 0.9961947202682495, 0.0, -0.02473585307598114, -0.9958875775337219, 0.08715581148862839, 0.0, -0.16756664216518402, -6.675208568572998, 3.0, 1.0},
						{0.9987669587135315, -0.049645453691482544, 0.0, 0.0, 0.004326888360083103, 0.08704830706119537, 0.9961947202682495, 0.0, -0.04945654049515724, -0.9949663281440735, 0.08715582638978958, 0.0, -0.33513322472572327, -6.663928985595703, 3.0, 1.0},
						{0.9972262382507324, -0.07442960143089294, 0.0, 0.0, 0.006486972328275442, 0.0869140699505806, 0.9961947202682495, 0.0, -0.07414637506008148, -0.9934315085411072, 0.0871557965874672, 0.0, -0.5026997923851013, -6.652649402618408, 3.0, 1.0},
						{0.99507075548172, -0.09916812926530838, 0.0, 0.0, 0.008643078617751598, 0.08672618865966797, 0.9961947202682495, 0.0, -0.09879075735807419, -0.9912841320037842, 0.0871557965874672, 0.0, -0.6702664494514465, -6.641369819641113, 3.0, 1.0},
						{0.9923015236854553, -0.123845674097538, 0.0, 0.0, 0.010793868452310562, 0.08648483455181122, 0.9961947202682495, 0.0, -0.12337440997362137, -0.9885255098342896, 0.08715580403804779, 0.0, -0.837833046913147, -6.630090236663818, 3.0, 1.0},
						{0.9888713955879211, -0.14877240359783173, 0.0, 0.0, 0.012966380454599857, 0.08618590235710144, 0.9961947202682495, 0.0, -0.14820627868175507, -0.985108494758606, 0.087155781686306, 0.0, -1.0031001567840576, -6.601808547973633, 3.0, 1.0},
						{0.9848002791404724, -0.1736905723810196, 0.0, 0.0, 0.015138143673539162, 0.08583107590675354, 0.9961947202682495, 0.0, -0.17302963137626648, -0.981052815914154, 0.0871557965874672, 0.0, -1.1677623987197876, -6.569051742553711, 3.0, 1.0},
						{0.9801012873649597, -0.19849790632724762, 0.0, 0.0, 0.01730024628341198, 0.08542152494192123, 0.9961947202682495, 0.0, -0.19774258136749268, -0.9763717651367188, 0.0871557965874672, 0.0, -1.332424283027649, -6.536295413970947, 3.0, 1.0},
						{0.9747775793075562, -0.22317862510681152, 0.0, 0.0, 0.019451314583420753, 0.0849575325846672, 0.9961947202682495, 0.0, -0.22232936322689056, -0.9710683226585388, 0.0871557965874672, 0.0, -1.4970862865447998, -6.503539085388184, 3.0, 1.0},
						{0.9688323736190796, -0.24771727621555328, 0.0, 0.0, 0.02159000001847744, 0.08443935960531235, 0.9961947202682495, 0.0, -0.24677462875843048, -0.9651456475257874, 0.08715580403804779, 0.0, -1.6617482900619507, -6.47078275680542, 3.0, 1.0},
						{0.9622563719749451, -0.2721445560455322, 0.0, 0.0, 0.02371898479759693, 0.08386624604463577, 0.9961947202682495, 0.0, -0.2711089849472046, -0.9585946798324585, 0.087155781686306, 0.0, -1.8230866193771362, -6.425663471221924, 3.0, 1.0},
						{0.9550541639328003, -0.296431303024292, 0.0, 0.0, 0.025835709646344185, 0.08323850482702255, 0.9961947202682495, 0.0, -0.2953033149242401, -0.9514198899269104, 0.08715581148862839, 0.0, -1.9820507764816284, -6.371714115142822, 3.0, 1.0},
						{0.9472391605377197, -0.3205276429653168, 0.0, 0.0, 0.027935845777392387, 0.08255738765001297, 0.9961947202682495, 0.0, -0.31930792331695557, -0.9436346292495728, 0.08715580403804779, 0.0, -2.14101505279541, -6.317764759063721, 3.0, 1.0},
						{0.9388161897659302, -0.34441855549812317, 0.0, 0.0, 0.030018072575330734, 0.08182325959205627, 0.9961947202682495, 0.0, -0.3431079685688019, -0.9352437257766724, 0.08715581893920898, 0.0, -2.2999794483184814, -6.263815402984619, 3.0, 1.0},
						{0.9297910332679749, -0.36808788776397705, 0.0, 0.0, 0.0320809967815876, 0.08103667944669724, 0.9961947202682495, 0.0, -0.36668720841407776, -0.9262529015541077, 0.08715580403804779, 0.0, -2.4589433670043945, -6.209866046905518, 3.0, 1.0},
						{0.920181393623352, -0.3914923071861267, 0.0, 0.0, 0.0341208279132843, 0.08019915223121643, 0.9961947202682495, 0.0, -0.390002578496933, -0.916679859161377, 0.08715580403804779, 0.0, -2.6147537231445312, -6.148298740386963, 3.0, 1.0},
						{0.9100044369697571, -0.4145985245704651, 0.0, 0.0, 0.03613467141985893, 0.07931217551231384, 0.9961947202682495, 0.0, -0.41302087903022766, -0.9065415859222412, 0.0871557965874672, 0.0, -2.765307664871216, -6.074034690856934, 3.0, 1.0},
						{0.8992473483085632, -0.4374404847621918, 0.0, 0.0, 0.03812548145651817, 0.07837463915348053, 0.9961947202682495, 0.0, -0.43577587604522705, -0.8958254456520081, 0.0871557965874672, 0.0, -2.9158613681793213, -5.999771595001221, 3.0, 1.0},
						{0.8879169821739197, -0.4600036144256592, 0.0, 0.0, 0.04009198769927025, 0.07738713175058365, 0.9961947202682495, 0.0, -0.4582532048225403, -0.8845382332801819, 0.0871557965874672, 0.0, -3.066415309906006, -5.925507545471191, 3.0, 1.0},
						{0.8760207891464233, -0.4822733402252197, 0.0, 0.0, 0.04203292354941368, 0.07635029405355453, 0.9961947202682495, 0.0, -0.4804381728172302, -0.8726872801780701, 0.08715580403804779, 0.0, -3.2169692516326904, -5.8512444496154785, 3.0, 1.0},
						{0.8635772466659546, -0.5042166709899902, 0.0, 0.0, 0.04394540190696716, 0.07526575773954391, 0.9961947202682495, 0.0, -0.5022979378700256, -0.860291063785553, 0.08715581148862839, 0.0, -3.3656997680664062, -5.773815631866455, 3.0, 1.0},
						{0.8506435751914978, -0.5257428288459778, 0.0, 0.0, 0.04582153633236885, 0.07413852214813232, 0.9961947202682495, 0.0, -0.5237421989440918, -0.8474066257476807, 0.08715580403804779, 0.0, -3.50531268119812, -5.680564880371094, 3.0, 1.0},
						{0.8371732831001282, -0.5469377636909485, 0.0, 0.0, 0.04766880348324776, 0.07296451181173325, 0.9961947202682495, 0.0, -0.5448564291000366, -0.8339875340461731, 0.0871557965874672, 0.0, -3.644925594329834, -5.587314605712891, 3.0, 1.0},
						{0.8231751322746277, -0.5677874684333801, 0.0, 0.0, 0.04948597773909569, 0.07174450159072876, 0.9961947202682495, 0.0, -0.565626859664917, -0.8200426697731018, 0.0871557965874672, 0.0, -3.784538745880127, -5.494063377380371, 3.0, 1.0},
						{0.8086577653884888, -0.5882793068885803, 0.0, 0.0, 0.051271963864564896, 0.07047922164201736, 0.9961947202682495, 0.0, -0.586040735244751, -0.8055806159973145, 0.0871557965874672, 0.0, -3.924151659011841, -5.400813102722168, 3.0, 1.0},
						{0.7936305403709412, -0.6083999872207642, 0.0, 0.0, 0.05302559584379196, 0.06916949898004532, 0.9961947202682495, 0.0, -0.6060848832130432, -0.7906105518341064, 0.08715580403804779, 0.0, -4.063764572143555, -5.307561874389648, 3.0, 1.0},
						{0.7781593203544617, -0.6280668377876282, 0.0, 0.0, 0.054739680141210556, 0.06782109290361404, 0.9961947202682495, 0.0, -0.6256768703460693, -0.7751982808113098, 0.08715580403804779, 0.0, -4.19066858291626, -5.197689533233643, 3.0, 1.0},
						{0.7622038125991821, -0.6473371982574463, 0.0, 0.0, 0.05641919746994972, 0.0664304792881012, 0.9961947202682495, 0.0, -0.6448739171028137, -0.7593033909797668, 0.08715580403804779, 0.0, -4.317019939422607, -5.087094306945801, 3.0, 1.0},
						{0.7457708716392517, -0.6662024855613708, 0.0, 0.0, 0.05806342139840126, 0.06499825417995453, 0.9961947202682495, 0.0, -0.6636674404144287, -0.7429330348968506, 0.08715580403804779, 0.0, -4.443370819091797, -4.976499080657959, 3.0, 1.0},
						{0.7288712859153748, -0.684650719165802, 0.0, 0.0, 0.05967129021883011, 0.06352535635232925, 0.9961947202682495, 0.0, -0.6820454597473145, -0.7260977625846863, 0.08715580403804779, 0.0, -4.5697221755981445, -4.865904331207275, 3.0, 1.0},
						{0.7115154266357422, -0.7026704549789429, 0.0, 0.0, 0.061241813004016876, 0.0620126947760582, 0.9961947202682495, 0.0, -0.6999966502189636, -0.7088078856468201, 0.08715580403804779, 0.0, -4.696073532104492, -4.755309104919434, 3.0, 1.0},
						{0.6937142610549927, -0.7202503085136414, 0.0, 0.0, 0.06277400255203247, 0.06046122685074806, 0.9961947202682495, 0.0, -0.7175095081329346, -0.6910744309425354, 0.087155781686306, 0.0, -4.810608386993408, -4.632896423339844, 3.0, 1.0},
						{0.6754788160324097, -0.7373793125152588, 0.0, 0.0, 0.06426689773797989, 0.05887190252542496, 0.9961947202682495, 0.0, -0.7345734238624573, -0.6729084849357605, 0.0871557965874672, 0.0, -4.921203136444092, -4.506545543670654, 3.0, 1.0},
						{0.65682053565979, -0.7540469169616699, 0.0, 0.0, 0.06571957468986511, 0.05724572017788887, 0.9961947202682495, 0.0, -0.7511775493621826, -0.6543211340904236, 0.08715580403804779, 0.0, -5.031798362731934, -4.38019323348999, 3.0, 1.0},
						{0.6377511620521545, -0.7702423930168152, 0.0, 0.0, 0.06713110953569412, 0.05558371916413307, 0.9961947202682495, 0.0, -0.7673113942146301, -0.6353243589401245, 0.0871557965874672, 0.0, -5.142393589019775, -4.253842353820801, 3.0, 1.0},
						{0.6182827353477478, -0.7859557867050171, 0.0, 0.0, 0.06850061565637589, 0.05388692393898964, 0.9961947202682495, 0.0, -0.7829649448394775, -0.6159299612045288, 0.0871557965874672, 0.0, -5.252987861633301, -4.127491474151611, 3.0, 1.0},
						{0.5983862280845642, -0.8012077212333679, 2.8282450159622385e-08, 0.0, 0.06982990354299545, 0.052152860909700394, 0.9961947202682495, 0.0, -0.7981589436531067, -0.59610915184021, 0.08715580403804779, 0.0, -5.354188442230225, -3.993955612182617, 3.0, 1.0},
						{0.5780783295631409, -0.8159812688827515, 0.0, 0.0, 0.07111750543117523, 0.05038287863135338, 0.9961947202682495, 0.0, -0.8128762245178223, -0.5758785605430603, 0.08715580403804779, 0.0, -5.447438716888428, -3.8543431758880615, 3.0, 1.0},
						{0.5574058890342712, -0.8302401304244995, 2.8509472116411416e-08, 0.0, 0.07236023247241974, 0.04858118295669556, 0.9961947202682495, 0.0, -0.8270808458328247, -0.5552847981452942, 0.08715581148862839, 0.0, -5.540689945220947, -3.7147302627563477, 3.0, 1.0},
						{0.536381721496582, -0.8439754843711853, 0.0, 0.0, 0.07355736196041107, 0.04674878343939781, 0.9961947202682495, 0.0, -0.8407639265060425, -0.5343406796455383, 0.08715580403804779, 0.0, -5.63394021987915, -3.5751171112060547, 3.0, 1.0},
						{0.5150194764137268, -0.8571784496307373, 0.0, 0.0, 0.07470807433128357, 0.044886935502290726, 0.9961947202682495, 0.0, -0.8539166450500488, -0.513059675693512, 0.08715580403804779, 0.0, -5.72719144821167, -3.435504198074341, 3.0, 1.0},
						{0.49329322576522827, -0.8698631525039673, -2.8816419472832422e-08, 0.0, 0.07581362128257751, 0.04299333691596985, 0.9961947202682495, 0.0, -0.8665530681610107, -0.4914161264896393, 0.08715580403804779, 0.0, -5.814112663269043, -3.2922441959381104, 3.0, 1.0},
						{0.47117531299591064, -0.8820395469665527, 1.4455046049022258e-08, 0.0, 0.07687486708164215, 0.041065678000450134, 0.9961947202682495, 0.0, -0.8786832094192505, -0.4693823456764221, 0.08715580403804779, 0.0, -5.888375759124756, -3.1416900157928467, 3.0, 1.0},
						{0.4487570822238922, -0.8936537504196167, -1.4499577538629183e-08, 0.0, 0.07788711041212082, 0.03911177068948746, 0.9961947202682495, 0.0, -0.8902531862258911, -0.44704943895339966, 0.08715580403804779, 0.0, -5.962639808654785, -2.9911365509033203, 3.0, 1.0},
						{0.42605286836624146, -0.9046983122825623, -2.9083604857760292e-08, 0.0, 0.07884971052408218, 0.03713294491171837, 0.9961947202682495, 0.0, -0.9012556672096252, -0.42443162202835083, 0.08715580403804779, 0.0, -6.036903381347656, -2.8405821323394775, 3.0, 1.0},
						{0.40307700634002686, -0.9151660799980164, 2.3059021359017606e-09, 0.0, 0.07976207882165909, 0.03513052314519882, 0.99619460105896, 0.0, -0.9116834998130798, -0.40154317021369934, 0.08715585619211197, 0.0, -6.111166477203369, -2.6900289058685303, 3.0, 1.0},
						{0.3798344135284424, -0.9250545501708984, -1.461930310142634e-08, 0.0, 0.08062386512756348, 0.033104751259088516, 0.9961947202682495, 0.0, -0.9215343594551086, -0.3783889710903168, 0.08715580403804779, 0.0, -6.18289041519165, -2.5384232997894287, 3.0, 1.0},
						{0.3562811017036438, -0.9343788027763367, 0.0, 0.0, 0.08143653720617294, 0.031051965430378914, 0.9961947202682495, 0.0, -0.9308232069015503, -0.35492536425590515, 0.08715580403804779, 0.0, -6.23684024810791, -2.379459857940674, 3.0, 1.0},
						{0.3324989974498749, -0.9431036710739136, 0.0, 0.0, 0.08219695091247559, 0.028979215770959854, 0.9961947202682495, 0.0, -0.9395148754119873, -0.33123376965522766, 0.08715580403804779, 0.0, -6.290789604187012, -2.2204952239990234, 3.0, 1.0},
						{0.3085035979747772, -0.9512231945991516, 0.0, 0.0, 0.0829046219587326, 0.02688787877559662, 0.9961947202682495, 0.0, -0.9476034045219421, -0.3073296546936035, 0.0871557965874672, 0.0, -6.34473991394043, -2.061530590057373, 3.0, 1.0},
						{0.2843102812767029, -0.9587323665618896, 2.9493252284851224e-08, 0.0, 0.08355908840894699, 0.024779316037893295, 0.9961947202682495, 0.0, -0.9550841450691223, -0.28322839736938477, 0.08715581148862839, 0.0, -6.398688793182373, -1.902566909790039, 3.0, 1.0},
						{0.2599344253540039, -0.9656262397766113, 0.0, 0.0, 0.08415993303060532, 0.022654792293906212, 0.9961947202682495, 0.0, -0.961951732635498, -0.2589453160762787, 0.08715580403804779, 0.0, -6.452638626098633, -1.7436026334762573, 3.0, 1.0},
						{0.23546631634235382, -0.9718825221061707, 3.025354189389873e-08, 0.0, 0.08470530807971954, 0.020522311329841614, 0.99619460105896, 0.0, -0.9681841731071472, -0.23457029461860657, 0.08715593069791794, 0.0, -6.487161159515381, -1.5794159173965454, 3.0, 1.0},
						{0.2108546793460846, -0.9775174260139465, -3.7042926948060995e-08, 0.0, 0.08519632369279861, 0.018377171829342842, 0.9961947202682495, 0.0, -0.9737976789474487, -0.21005231142044067, 0.08715580403804779, 0.0, -6.519917011260986, -1.4147534370422363, 3.0, 1.0},
						{0.18610882759094238, -0.9825291037559509, 0.0, 0.0, 0.08563311398029327, 0.016220463439822197, 0.9961947202682495, 0.0, -0.9787904024124146, -0.18540064990520477, 0.08715581148862839, 0.0, -6.55267333984375, -1.2500919103622437, 3.0, 1.0},
						{0.16124401986598969, -0.9869145154953003, -4.4557005196566024e-08, 0.0, 0.08601533621549606, 0.01405330840498209, 0.9961947202682495, 0.0, -0.9831591248512268, -0.160630464553833, 0.08715580403804779, 0.0, -6.585429668426514, -1.0854285955429077, 3.0, 1.0},
						{0.13627669215202332, -0.9906708598136902, 3.6457368679521096e-08, 0.0, 0.08634281903505325, 0.011877356097102165, 0.99619460105896, 0.0, -0.9869009852409363, -0.13575810194015503, 0.08715591579675674, 0.0, -6.618185997009277, -0.9207671284675598, 3.0, 1.0},
						{0.11151549220085144, -0.993762731552124, 0.0, 0.0, 0.08661218732595444, 0.009719222784042358, 0.9961947202682495, 0.0, -0.9899811744689941, -0.11109114438295364, 0.08715580403804779, 0.0, -6.6357293128967285, -0.754048228263855, 3.0, 1.0},
						{0.08680566400289536, -0.9962252378463745, -5.178907969138891e-09, 0.0, 0.08682692050933838, 0.0075656212866306305, 0.99619460105896, 0.0, -0.9924342632293701, -0.08647532761096954, 0.08715590834617615, 0.0, -6.647009372711182, -0.5864812731742859, 3.0, 1.0},
						{0.06204237416386604, -0.9980735182762146, 4.095845440588164e-08, 0.0, 0.08698790520429611, 0.0054073934443295, 0.9961947202682495, 0.0, -0.9942756295204163, -0.06180628016591072, 0.08715580403804779, 0.0, -6.658288478851318, -0.4189152717590332, 3.0, 1.0},
						{0.037240687757730484, -0.999306321144104, 2.2201005478450497e-09, 0.0, 0.0870952308177948, 0.003245739731937647, 0.9961947202682495, 0.0, -0.9955036640167236, -0.03709897771477699, 0.08715568482875824, 0.0, -6.6695685386657715, -0.2513483464717865, 3.0, 1.0},
						{0.012416264042258263, -0.9999229311943054, 0.0, 0.0, 0.08714909106492996, 0.0010821494506672025, 0.9961947202682495, 0.0, -0.996117889881134, -0.01236901618540287, 0.08715580403804779, 0.0, -6.680848121643066, -0.08378228545188904, 3.0, 1.0},
						{-0.012416181154549122, -0.9999229311943054, 0.0, 0.0, 0.08714909106492996, -0.001082142349332571, 0.9961947202682495, 0.0, -0.996117889881134, 0.012368935160338879, 0.08715580403804779, 0.0, -6.680848121643066, 0.08378542959690094, 3.0, 1.0},
						{-0.03724077716469765, -0.999306321144104, 0.0, 0.0, 0.08709535002708435, -0.003245749743655324, 0.9961947202682495, 0.0, -0.9955036640167236, 0.037099067121744156, 0.08715580403804779, 0.0, -6.6695685386657715, 0.2513515055179596, 3.0, 1.0},
						{-0.06204232946038246, -0.9980735182762146, 0.0, 0.0, 0.08698790520429611, -0.005407348740845919, 0.9961947202682495, 0.0, -0.9942756295204163, 0.06180623918771744, 0.08715580403804779, 0.0, -6.658288955688477, 0.41891756653785706, 3.0, 1.0},
						{-0.08680584281682968, -0.9962252378463745, 0.0, 0.0, 0.08682681620121002, -0.007565632462501526, 0.9961947202682495, 0.0, -0.9924343824386597, 0.08647551387548447, 0.08715580403804779, 0.0, -6.647009372711182, 0.586484432220459, 3.0, 1.0},
						{-0.11151579022407532, -0.993762731552124, 4.0914247989576324e-08, 0.0, 0.08661218732595444, -0.009719206020236015, 0.9961947202682495, 0.0, -0.9899810552597046, 0.11109142750501633, 0.0871557965874672, 0.0, -6.635729789733887, 0.7540513277053833, 3.0, 1.0},
						{-0.1362771987915039, -0.9906708002090454, 3.716591479019371e-08, 0.0, 0.0863426998257637, -0.011877312324941158, 0.9961947202682495, 0.0, -0.9869009256362915, 0.13575862348079681, 0.0871557965874672, 0.0, -6.618185997009277, 0.9207711219787598, 3.0, 1.0},
						{-0.16124451160430908, -0.9869144558906555, -5.419952131546779e-08, 0.0, 0.08601520210504532, -0.014053430408239365, 0.9961947202682495, 0.0, -0.9831590056419373, 0.1606309413909912, 0.08715568482875824, 0.0, -6.585430145263672, 1.0854318141937256, 3.0, 1.0},
						{-0.18610930442810059, -0.9825290441513062, 0.0, 0.0, 0.08563310652971268, -0.01622050628066063, 0.9961947202682495, 0.0, -0.9787902235984802, 0.18540111184120178, 0.08715580403804779, 0.0, -6.55267333984375, 1.2500948905944824, 3.0, 1.0},
						{-0.21085526049137115, -0.9775172472000122, 0.0, 0.0, 0.08519630879163742, -0.018377261236310005, 0.9961947202682495, 0.0, -0.9737975597381592, 0.21005289256572723, 0.0871557965874672, 0.0, -6.519916534423828, 1.4147565364837646, 3.0, 1.0},
						{-0.23546692728996277, -0.9718823432922363, 0.0, 0.0, 0.08470519632101059, -0.020522311329841614, 0.9961947202682495, 0.0, -0.9681841135025024, 0.23457090556621552, 0.08715580403804779, 0.0, -6.4871602058410645, 1.5794180631637573, 3.0, 1.0},
						{-0.2599351108074188, -0.9656261205673218, -1.5628227600927858e-08, 0.0, 0.08415980637073517, -0.022654838860034943, 0.9961947202682495, 0.0, -0.9619516134262085, 0.2589460015296936, 0.08715568482875824, 0.0, -6.452638149261475, 1.743605613708496, 3.0, 1.0},
						{-0.28431105613708496, -0.9587320685386658, 0.0, 0.0, 0.0835590660572052, -0.024779360741376877, 0.9961947202682495, 0.0, -0.9550838470458984, 0.28322920203208923, 0.08715580403804779, 0.0, -6.398688793182373, 1.902570128440857, 3.0, 1.0},
						{-0.30850446224212646, -0.9512228965759277, 0.0, 0.0, 0.08290459960699081, -0.026887955144047737, 0.9961947202682495, 0.0, -0.9476032257080078, 0.30733051896095276, 0.08715580403804779, 0.0, -6.344738960266113, 2.0615346431732178, 3.0, 1.0},
						{-0.3324996829032898, -0.9431033730506897, 0.0, 0.0, 0.08219693601131439, -0.028979279100894928, 0.9961947202682495, 0.0, -0.9395145773887634, 0.3312344253063202, 0.08715580403804779, 0.0, -6.290789604187012, 2.2204976081848145, 3.0, 1.0},
						{-0.35628193616867065, -0.9343785047531128, 0.0, 0.0, 0.08143650740385056, -0.031052038073539734, 0.9961947202682495, 0.0, -0.9308229684829712, 0.354926198720932, 0.08715580403804779, 0.0, -6.236839771270752, 2.379462957382202, 3.0, 1.0},
						{-0.37983518838882446, -0.9250541925430298, -4.3857895093424304e-08, 0.0, 0.08062382787466049, -0.03310488909482956, 0.9961947202682495, 0.0, -0.9215340614318848, 0.37838980555534363, 0.08715581148862839, 0.0, -6.182889938354492, 2.5384268760681152, 3.0, 1.0},
						{-0.40307798981666565, -0.9151657223701477, 0.0, 0.0, 0.07976200431585312, -0.035130586475133896, 0.9961947202682495, 0.0, -0.9116831421852112, 0.40154412388801575, 0.0871557965874672, 0.0, -6.111166000366211, 2.690033197402954, 3.0, 1.0},
						{-0.4260537028312683, -0.9046978950500488, -6.964774001971819e-08, 0.0, 0.07884954661130905, -0.037133075296878815, 0.9961947202682495, 0.0, -0.901255190372467, 0.4244324564933777, 0.08715569227933884, 0.0, -6.036902904510498, 2.840585708618164, 3.0, 1.0},
						{-0.448758065700531, -0.8936533331871033, -8.699746700813193e-08, 0.0, 0.07788705825805664, -0.03911195322871208, 0.9961947202682495, 0.0, -0.8902527689933777, 0.44705042243003845, 0.08715581893920898, 0.0, -5.962638854980469, 2.9911398887634277, 3.0, 1.0},
						{-0.4711763858795166, -0.8820390105247498, 0.0, 0.0, 0.07687481492757797, -0.0410657562315464, 0.9961947202682495, 0.0, -0.8786826133728027, 0.4693834185600281, 0.08715580403804779, 0.0, -5.888375282287598, 3.1416938304901123, 3.0, 1.0},
						{-0.49329400062561035, -0.8698626160621643, 0.0, 0.0, 0.07581357657909393, -0.04299343749880791, 0.9961947202682495, 0.0, -0.8665525317192078, 0.491416871547699, 0.0871557965874672, 0.0, -5.814112186431885, 3.2922465801239014, 3.0, 1.0},
						{-0.5150205492973328, -0.8571778535842896, -8.615552360424772e-08, 0.0, 0.0747080072760582, -0.04488711431622505, 0.9961947202682495, 0.0, -0.8539160490036011, 0.5130607485771179, 0.08715582638978958, 0.0, -5.727189540863037, 3.4355077743530273, 3.0, 1.0},
						{-0.536382794380188, -0.8439748287200928, -8.584873967265594e-08, 0.0, 0.0735572800040245, -0.04674896225333214, 0.9961947202682495, 0.0, -0.84076327085495, 0.5343416929244995, 0.08715582638978958, 0.0, -5.633939266204834, 3.575120449066162, 3.0, 1.0},
						{-0.5574069619178772, -0.8302394151687622, 0.0, 0.0, 0.07236018776893616, -0.048581261187791824, 0.9961947202682495, 0.0, -0.8270801305770874, 0.5552858710289001, 0.0871557965874672, 0.0, -5.540687561035156, 3.7147345542907715, 3.0, 1.0},
						{-0.578079342842102, -0.8159805536270142, -3.61598715414857e-08, 0.0, 0.0711173340678215, -0.050382938235998154, 0.9961947202682495, 0.0, -0.8128754496574402, 0.5758795738220215, 0.08715567737817764, 0.0, -5.447437286376953, 3.8543460369110107, 3.0, 1.0},
						{-0.5983871817588806, -0.8012070059776306, 0.0, 0.0, 0.06982984393835068, -0.052152927964925766, 0.9961947202682495, 0.0, -0.7981582283973694, 0.5961101651191711, 0.0871557965874672, 0.0, -5.354186534881592, 3.993959665298462, 3.0, 1.0},
						{-0.6182838082313538, -0.7859549522399902, 0.0, 0.0, 0.06850053369998932, -0.0538870245218277, 0.9961947202682495, 0.0, -0.7829641699790955, 0.61593097448349, 0.0871557965874672, 0.0, -5.252985000610352, 4.127495765686035, 3.0, 1.0},
						{-0.6377521753311157, -0.7702416181564331, 0.0, 0.0, 0.06713102012872696, -0.055583808571100235, 0.9961947202682495, 0.0, -0.767310619354248, 0.6353253722190857, 0.08715580403804779, 0.0, -5.142390251159668, 4.253846168518066, 3.0, 1.0},
						{-0.6568214893341064, -0.7540460824966431, 8.372917648102884e-08, 0.0, 0.06571952253580093, -0.05724572762846947, 0.9961947202682495, 0.0, -0.7511767148971558, 0.65432208776474, 0.0871557667851448, 0.0, -5.031795501708984, 4.380197048187256, 3.0, 1.0},
						{-0.6754795908927917, -0.737378716468811, 0.0, 0.0, 0.06426683068275452, -0.05887197330594063, 0.9961947202682495, 0.0, -0.73457270860672, 0.6729092001914978, 0.0871557965874672, 0.0, -4.921200275421143, 4.506547927856445, 3.0, 1.0},
						{-0.6937150955200195, -0.7202494740486145, 0.0, 0.0, 0.06277391314506531, -0.06046130135655403, 0.9961947202682495, 0.0, -0.7175087332725525, 0.691075325012207, 0.08715580403804779, 0.0, -4.810604095458984, 4.632899761199951, 3.0, 1.0},
						{-0.7115163207054138, -0.7026694416999817, -4.596367375597765e-08, 0.0, 0.061241619288921356, -0.062012750655412674, 0.9961947202682495, 0.0, -0.6999956369400024, 0.7088088393211365, 0.08715567737817764, 0.0, -4.696070671081543, 4.755311012268066, 3.0, 1.0},
						{-0.7288720011711121, -0.6846499443054199, 0.0, 0.0, 0.05967121943831444, -0.06352543830871582, 0.9961947202682495, 0.0, -0.6820447444915771, 0.7260984778404236, 0.08715580403804779, 0.0, -4.5697197914123535, 4.865906238555908, 3.0, 1.0},
						{-0.7457717061042786, -0.6662015914916992, 0.0, 0.0, 0.058063335716724396, -0.06499834358692169, 0.9961947202682495, 0.0, -0.6636664271354675, 0.7429338097572327, 0.087155781686306, 0.0, -4.443368434906006, 4.976500511169434, 3.0, 1.0},
						{-0.7622045278549194, -0.6473363637924194, 0.0, 0.0, 0.056419115513563156, -0.06643054634332657, 0.9961947202682495, 0.0, -0.6448730230331421, 0.7593041062355042, 0.08715580403804779, 0.0, -4.3170166015625, 5.08709716796875, 3.0, 1.0},
						{-0.7781600952148438, -0.6280659437179565, 0.0, 0.0, 0.054739587008953094, -0.06782117486000061, 0.9961947202682495, 0.0, -0.6256759762763977, 0.7751990556716919, 0.08715581148862839, 0.0, -4.1906657218933105, 5.197691440582275, 3.0, 1.0},
						{-0.7936310172080994, -0.6083993315696716, -8.01776423031697e-08, 0.0, 0.053025487810373306, -0.06916963309049606, 0.99619460105896, 0.0, -0.6060841679573059, 0.7906110286712646, 0.08715582638978958, 0.0, -4.063762187957764, 5.307563304901123, 3.0, 1.0},
						{-0.8086585998535156, -0.5882782340049744, 0.0, 0.0, 0.05127186328172684, -0.07047928869724274, 0.9961947202682495, 0.0, -0.586039662361145, 0.8055813908576965, 0.08715580403804779, 0.0, -3.9241480827331543, 5.400814533233643, 3.0, 1.0},
						{-0.8231757879257202, -0.5677865743637085, 0.0, 0.0, 0.04948589578270912, -0.07174454629421234, 0.9961947202682495, 0.0, -0.5656259655952454, 0.8200433254241943, 0.08715580403804779, 0.0, -3.7845351696014404, 5.494065284729004, 3.0, 1.0},
						{-0.8371739387512207, -0.5469366908073425, 0.0, 0.0, 0.047668710350990295, -0.07296457141637802, 0.9961947202682495, 0.0, -0.5448554158210754, 0.8339882493019104, 0.0871557965874672, 0.0, -3.6449224948883057, 5.587315559387207, 3.0, 1.0},
						{-0.8506442904472351, -0.5257416367530823, -7.809025959204519e-08, 0.0, 0.045821383595466614, -0.07413866370916367, 0.99619460105896, 0.0, -0.5237410068511963, 0.847407341003418, 0.08715584129095078, 0.0, -3.505307912826538, 5.680567264556885, 3.0, 1.0},
						{-0.8635779619216919, -0.5042152404785156, -2.96764266494165e-08, 0.0, 0.04394523799419403, -0.0752658098936081, 0.9961947202682495, 0.0, -0.5022965669631958, 0.8602918386459351, 0.08715573698282242, 0.0, -3.3656952381134033, 5.773817539215088, 3.0, 1.0},
						{-0.8760213255882263, -0.48227226734161377, 0.0, 0.0, 0.04203283041715622, -0.07635034620761871, 0.9961947202682495, 0.0, -0.4804370701313019, 0.8726878762245178, 0.0871557965874672, 0.0, -3.2169649600982666, 5.851245403289795, 3.0, 1.0},
						{-0.8879175782203674, -0.4600025415420532, 0.0, 0.0, 0.04009189456701279, -0.07738717645406723, 0.9961947202682495, 0.0, -0.4582521319389343, 0.8845388293266296, 0.0871557965874672, 0.0, -3.066411256790161, 5.925508975982666, 3.0, 1.0},
						{-0.899247944355011, -0.43743932247161865, 0.0, 0.0, 0.03812537342309952, -0.07837468385696411, 0.9961947202682495, 0.0, -0.4357747435569763, 0.8958260416984558, 0.08715580403804779, 0.0, -2.915855884552002, 5.999773025512695, 3.0, 1.0},
						{-0.9100049734115601, -0.4145974814891815, 1.002562797225437e-07, 0.0, 0.036134637892246246, -0.07931210845708847, 0.9961947202682495, 0.0, -0.4130198061466217, 0.9065421223640442, 0.08715575188398361, 0.0, -2.7653024196624756, 6.074036598205566, 3.0, 1.0},
						{-0.9201818108558655, -0.3914913833141327, 3.287748739921881e-08, 0.0, 0.03412078320980072, -0.08019919693470001, 0.99619460105896, 0.0, -0.3900016248226166, 0.9166801571846008, 0.08715586364269257, 0.0, -2.614748477935791, 6.148299694061279, 3.0, 1.0},
						{-0.9297914505004883, -0.3680866062641144, 0.0, 0.0, 0.03208088502287865, -0.08103672415018082, 0.9961947202682495, 0.0, -0.3666859567165375, 0.9262533783912659, 0.08715580403804779, 0.0, -2.4589385986328125, 6.209866523742676, 3.0, 1.0},
						{-0.9388167858123779, -0.34441694617271423, 0.0, 0.0, 0.030017931014299393, -0.08182332664728165, 0.9961947202682495, 0.0, -0.34310635924339294, 0.9352443218231201, 0.08715581148862839, 0.0, -2.299973249435425, 6.263816833496094, 3.0, 1.0},
						{-0.9472396969795227, -0.3205260634422302, 0.0, 0.0, 0.027935706079006195, -0.08255743235349655, 0.9961947202682495, 0.0, -0.3193064332008362, 0.9436352252960205, 0.08715581148862839, 0.0, -2.141008138656616, 6.317766189575195, 3.0, 1.0},
						{-0.955054521560669, -0.29643023014068604, 0.0, 0.0, 0.025835612788796425, -0.08323854207992554, 0.9961947202682495, 0.0, -0.29530224204063416, 0.951420247554779, 0.08715580403804779, 0.0, -1.982046127319336, 6.371714115142822, 3.0, 1.0},
						{-0.9622567296028137, -0.2721433937549591, 0.0, 0.0, 0.023718874901533127, -0.08386626094579697, 0.9961947202682495, 0.0, -0.27110782265663147, 0.9585950970649719, 0.08715580403804779, 0.0, -1.8230807781219482, 6.42566442489624, 3.0, 1.0},
						{-0.9688327312469482, -0.2477160394191742, -7.311155769684774e-08, 0.0, 0.021589796990156174, -0.08443932980298996, 0.9961947202682495, 0.0, -0.24677342176437378, 0.965146005153656, 0.08715570718050003, 0.0, -1.6617430448532104, 6.470783233642578, 3.0, 1.0},
						{-0.9747778177261353, -0.22317783534526825, 0.0, 0.0, 0.019451241940259933, -0.0849575325846672, 0.9961947202682495, 0.0, -0.22232858836650848, 0.9710685014724731, 0.08715581148862839, 0.0, -1.4970816373825073, 6.503539085388184, 3.0, 1.0},
						{-0.980101466178894, -0.1984969824552536, 4.6140637977032384e-08, 0.0, 0.017300201579928398, -0.08542148768901825, 0.9961947202682495, 0.0, -0.19774165749549866, 0.9763719439506531, 0.0871557742357254, 0.0, -1.332418441772461, 6.536295413970947, 3.0, 1.0},
						{-0.984800398349762, -0.1736895740032196, 0.0, 0.0, 0.015138057060539722, -0.08583109080791473, 0.9961947202682495, 0.0, -0.1730286329984665, 0.9810529351234436, 0.087155781686306, 0.0, -1.1677570343017578, 6.569051742553711, 3.0, 1.0},
						{-0.9888715744018555, -0.14877170324325562, 0.0, 0.0, 0.012966319918632507, -0.08618590235710144, 0.9961947202682495, 0.0, -0.14820557832717896, 0.9851086735725403, 0.0871557965874672, 0.0, -1.0030953884124756, 6.601808547973633, 3.0, 1.0},
						{-0.9923015832901001, -0.12384511530399323, 0.0, 0.0, 0.010793820954859257, -0.08648483455181122, 0.9961947202682495, 0.0, -0.1233738511800766, 0.9885256290435791, 0.08715581148862839, 0.0, -0.8378287553787231, 6.63008975982666, 3.0, 1.0},
						{-0.99507075548172, -0.09916755557060242, 0.0, 0.0, 0.008643027395009995, -0.08672618865966797, 0.9961947202682495, 0.0, -0.09879019111394882, 0.991284191608429, 0.08715580403804779, 0.0, -0.6702607274055481, 6.641369819641113, 3.0, 1.0},
						{-0.9972262978553772, -0.07442919909954071, 0.0, 0.0, 0.006486936938017607, -0.0869140550494194, 0.9961947202682495, 0.0, -0.07414598017930984, 0.9934316277503967, 0.08715581148862839, 0.0, -0.5026943683624268, 6.652649402618408, 3.0, 1.0},
						{-0.9987670183181763, -0.049644529819488525, 0.0, 0.0, 0.0043268087320029736, -0.08704832941293716, 0.9961947202682495, 0.0, -0.04945561662316322, 0.9949663281440735, 0.08715580403804779, 0.0, -0.3351263403892517, 6.663928985595703, 3.0, 1.0},
						{-0.9996916651725769, -0.024829743430018425, -4.266689046517058e-08, 0.0, 0.002164015080779791, -0.08712898194789886, 0.99619460105896, 0.0, -0.024735262617468834, 0.9958875179290771, 0.08715582638978958, 0.0, -0.16756165027618408, 6.67520809173584, 3.0, 1.0},
						{-1.0, 6.83832638515014e-07, 0.0, 0.0, -5.959998006233036e-08, -0.08715580403804779, 0.9961947202682495, 0.0, 6.81230403642985e-07, 0.9961947202682495, 0.08715581148862839, 0.0, 6.379898877639789e-06, 6.686487674713135, 3.0, 1.0},
						{-0.9996916651725769, 0.02483094111084938, 0.0, 0.0, -0.0021641599014401436, -0.0871289074420929, 0.9961947202682495, 0.0, 0.024736450985074043, 0.9958874583244324, 0.08715581893920898, 0.0, 0.1675744205713272, 6.67520809173584, 3.0, 1.0},
						{-0.9987668395042419, 0.049646470695734024, -4.318039259487705e-08, 0.0, -0.004327019676566124, -0.08704829216003418, 0.9961947202682495, 0.0, 0.04945754632353783, 0.9949662685394287, 0.08715575188398361, 0.0, 0.33514079451560974, 6.663928031921387, 3.0, 1.0},
						{-0.9972261786460876, 0.07443050295114517, 0.0, 0.0, -0.006487049628049135, -0.08691404014825821, 0.9961947202682495, 0.0, 0.07414727658033371, 0.9934314489364624, 0.08715581148862839, 0.0, 0.5027071237564087, 6.652649402618408, 3.0, 1.0},
						{-0.9950706958770752, 0.09916891902685165, -4.418728849486797e-08, 0.0, -0.008643186651170254, -0.08672613650560379, 0.9961947202682495, 0.0, 0.09879153966903687, 0.9912840723991394, 0.08715575933456421, 0.0, 0.6702718734741211, 6.641369819641113, 3.0, 1.0},
						{-0.9923014044761658, 0.12384665012359619, 0.0, 0.0, -0.010793953202664852, -0.08648481220006943, 0.9961947202682495, 0.0, 0.12337538599967957, 0.988525390625, 0.08715581148862839, 0.0, 0.8378399014472961, 6.63008975982666, 3.0, 1.0},
						{-0.9888713359832764, 0.1487732231616974, 3.8885506370434086e-08, 0.0, -0.012966400943696499, -0.08618581295013428, 0.9961947202682495, 0.0, 0.14820709824562073, 0.9851083755493164, 0.087155781686306, 0.0, 1.003108024597168, 6.601807594299316, 3.0, 1.0},
						{-0.9848001599311829, 0.1736915111541748, 0.0, 0.0, -0.015138220973312855, -0.08583103120326996, 0.9961947202682495, 0.0, 0.1730305403470993, 0.981052577495575, 0.08715581148862839, 0.0, 1.1677695512771606, 6.569051265716553, 3.0, 1.0},
						{-0.9801010489463806, 0.19849878549575806, 0.0, 0.0, -0.01730032078921795, -0.08542148768901825, 0.9961947202682495, 0.0, 0.1977434605360031, 0.9763715267181396, 0.08715581148862839, 0.0, 1.3324309587478638, 6.536294460296631, 3.0, 1.0},
						{-0.9747772812843323, 0.22318007051944733, 0.0, 0.0, -0.019451439380645752, -0.08495750278234482, 0.9961947202682495, 0.0, 0.22233079373836517, 0.9710678458213806, 0.0871557965874672, 0.0, 1.497093915939331, 6.503538131713867, 3.0, 1.0},
						{-0.9688320159912109, 0.2477186918258667, 0.0, 0.0, -0.021590126678347588, -0.08443935215473175, 0.9961947202682495, 0.0, 0.2467760443687439, 0.9651453495025635, 0.087155781686306, 0.0, 1.661756992340088, 6.470781326293945, 3.0, 1.0},
						{-0.9622560739517212, 0.27214574813842773, 0.0, 0.0, -0.023719077929854393, -0.083866186439991, 0.9961947202682495, 0.0, 0.2711101174354553, 0.9585943222045898, 0.08715581148862839, 0.0, 1.8230944871902466, 6.425662040710449, 3.0, 1.0},
						{-0.955053985118866, 0.29643189907073975, 0.0, 0.0, -0.025835756212472916, -0.08323847502470016, 0.9961947202682495, 0.0, 0.29530391097068787, 0.9514197111129761, 0.08715582638978958, 0.0, 1.9820564985275269, 6.371712684631348, 3.0, 1.0},
						{-0.9472389817237854, 0.3205280601978302, -4.8432738708470424e-08, 0.0, -0.02793590910732746, -0.0825572982430458, 0.9961947202682495, 0.0, 0.3193083703517914, 0.9436345100402832, 0.08715580403804779, 0.0, 2.1410200595855713, 6.317763805389404, 3.0, 1.0},
						{-0.9388160109519958, 0.34441909193992615, 0.0, 0.0, -0.030018119141459465, -0.08182325214147568, 0.9961947202682495, 0.0, 0.34310847520828247, 0.9352434873580933, 0.08715581148862839, 0.0, 2.29998517036438, 6.263813495635986, 3.0, 1.0},
						{-0.9297906160354614, 0.3680889904499054, 0.0, 0.0, -0.03208109363913536, -0.08103664964437485, 0.9961947202682495, 0.0, 0.3666882812976837, 0.9262524247169495, 0.0871557965874672, 0.0, 2.4589505195617676, 6.209863662719727, 3.0, 1.0},
