Metric (key = "distance") {float {1.0}}
Metric (key = "angle") {float {1.0}}
Metric (key = "time") {float {1.0}}
Metric (key = "up") {string {"z"}}

Node $node1
{
	Name {string {"BezierCircle"}}

	Transform
	{
		float[16]
		{
			{7.185081958770752, 12.444928169250488, 0.0, 0.0,
			 -12.444928169250488, 7.185081958770752, 0.0, 0.0,
			 0.0, 0.0, 14.37016487121582, 0.0,
			 -0.9016823768615723, 1.6840052604675293, 0.0, 1.0}
		}
	}
}

CameraNode $node2
{
	Name {string {"Camera"}}
	ObjectRef {ref {$camera1}}

	Transform %transform
	{
		float[16]
		{
			{0.8283771872520447, 0.5600303411483765, 0.012532317079603672, 0.0,
			 -0.0016145124100148678, -0.019985295832157135, 0.9997989535331726, 0.0,
			 0.5601682662963867, -0.8282309770584106, -0.015651188790798187, 0.0,
			 7.5818352699279785, -9.889554977416992, 0.0, 1.0}
		}
	}

	Animation
	{
		Track (target = %transform)
		{
			Time
			{
				Key {float {0.0, 0.041666666666666664, 0.08333333333333333, 0.125, 0.16666666666666666, 0.20833333333333331, 0.25, 0.29166666666666663, 0.3333333333333333, 0.375, 0.41666666666666663, 0.4583333333333333, 0.5, 0.5416666666666666, 0.5833333333333333, 0.625, 0.6666666666666666, 0.7083333333333333, 0.75, 0.7916666666666666, 0.8333333333333333, 0.875, 0.9166666666666666, 0.9583333333333333, 1.0, 1.0416666666666665, 1.0833333333333333, 1.125, 1.1666666666666665, 1.2083333333333333, 1.25, 1.2916666666666665, 1.3333333333333333, 1.375, 1.4166666666666665, 1.4583333333333333, 1.5, 1.5416666666666665, 1.5833333333333333, 1.625, 1.6666666666666665, 1.7083333333333333, 1.75, 1.7916666666666665, 1.8333333333333333, 1.875, 1.9166666666666665, 1.9583333333333333, 2.0, 2.0416666666666665, 2.083333333333333, 2.125, 2.1666666666666665, 2.208333333333333, 2.25, 2.2916666666666665, 2.333333333333333, 2.375, 2.4166666666666665, 2.458333333333333, 2.5, 2.5416666666666665, 2.583333333333333, 2.625, 2.6666666666666665, 2.708333333333333, 2.75, 2.7916666666666665, 2.833333333333333, 2.875, 2.9166666666666665, 2.958333333333333, 3.0, 3.0416666666666665, 3.083333333333333, 3.125, 3.1666666666666665, 3.208333333333333, 3.25, 3.2916666666666665, 3.333333333333333, 3.375, 3.4166666666666665, 3.458333333333333, 3.5, 3.5416666666666665, 3.583333333333333, 3.625, 3.6666666666666665, 3.708333333333333, 3.75, 3.7916666666666665, 3.833333333333333, 3.875, 3.9166666666666665, 3.958333333333333, 4.0, 4.041666666666666, 4.083333333333333, 4.125, 4.166666666666666, 4.208333333333333, 4.25, 4.291666666666666, 4.333333333333333, 4.375, 4.416666666666666, 4.458333333333333, 4.5, 4.541666666666666, 4.583333333333333, 4.625, 4.666666666666666, 4.708333333333333, 4.75, 4.791666666666666, 4.833333333333333, 4.875, 4.916666666666666, 4.958333333333333, 5.0, 5.041666666666666, 5.083333333333333, 5.125, 5.166666666666666, 5.208333333333333, 5.25, 5.291666666666666, 5.333333333333333, 5.375, 5.416666666666666, 5.458333333333333, 5.5, 5.541666666666666, 5.583333333333333, 5.625, 5.666666666666666, 5.708333333333333, 5.75, 5.791666666666666, 5.833333333333333, 5.875, 5.916666666666666, 5.958333333333333, 6.0, 6.041666666666666, 6.083333333333333, 6.125, 6.166666666666666, 6.208333333333333, 6.25, 6.291666666666666, 6.333333333333333, 6.375, 6.416666666666666, 6.458333333333333, 6.5, 6.541666666666666, 6.583333333333333, 6.625, 6.666666666666666, 6.708333333333333, 6.75, 6.791666666666666, 6.833333333333333, 6.875, 6.916666666666666, 6.958333333333333, 7.0, 7.041666666666666, 7.083333333333333, 7.125, 7.166666666666666, 7.208333333333333, 7.25, 7.291666666666666, 7.333333333333333, 7.375, 7.416666666666666, 7.458333333333333, 7.5, 7.541666666666666, 7.583333333333333, 7.625, 7.666666666666666, 7.708333333333333, 7.75, 7.791666666666666, 7.833333333333333, 7.875, 7.916666666666666, 7.958333333333333, 8.0, 8.041666666666666, 8.083333333333332, 8.125, 8.166666666666666, 8.208333333333332, 8.25, 8.291666666666666, 8.333333333333332, 8.375, 8.416666666666666, 8.458333333333332, 8.5, 8.541666666666666, 8.583333333333332, 8.625, 8.666666666666666, 8.708333333333332, 8.75, 8.791666666666666, 8.833333333333332, 8.875, 8.916666666666666, 8.958333333333332, 9.0, 9.041666666666666, 9.083333333333332, 9.125, 9.166666666666666, 9.208333333333332, 9.25, 9.291666666666666, 9.333333333333332, 9.375, 9.416666666666666, 9.458333333333332, 9.5, 9.541666666666666, 9.583333333333332, 9.625, 9.666666666666666, 9.708333333333332, 9.75, 9.791666666666666, 9.833333333333332, 9.875, 9.916666666666666, 9.958333333333332, 10.0, 10.041666666666666, 10.083333333333332, 10.125, 10.166666666666666, 10.208333333333332, 10.25, 10.291666666666666, 10.333333333333332, 10.375, 10.416666666666666, 10.458333333333332, 10.5, 10.541666666666666, 10.583333333333332, 10.625, 10.666666666666666, 10.708333333333332, 10.75, 10.791666666666666, 10.833333333333332, 10.875, 10.916666666666666, 10.958333333333332, 11.0, 11.041666666666666, 11.083333333333332, 11.125, 11.166666666666666, 11.208333333333332, 11.25, 11.291666666666666, 11.333333333333332, 11.375, 11.416666666666666, 11.458333333333332, 11.5, 11.541666666666666, 11.583333333333332, 11.625, 11.666666666666666, 11.708333333333332, 11.75, 11.791666666666666, 11.833333333333332, 11.875, 11.916666666666666, 11.958333333333332, 12.0, 12.041666666666666, 12.083333333333332, 12.125, 12.166666666666666, 12.208333333333332, 12.25, 12.291666666666666, 12.333333333333332, 12.375, 12.416666666666666, 12.458333333333332, 12.5, 12.541666666666666, 12.583333333333332, 12.625, 12.666666666666666, 12.708333333333332, 12.75, 12.791666666666666, 12.833333333333332, 12.875, 12.916666666666666, 12.958333333333332, 13.0, 13.041666666666666, 13.083333333333332, 13.125, 13.166666666666666, 13.208333333333332, 13.25, 13.291666666666666, 13.333333333333332, 13.375, 13.416666666666666, 13.458333333333332, 13.5, 13.541666666666666, 13.583333333333332, 13.625, 13.666666666666666, 13.708333333333332, 13.75, 13.791666666666666, 13.833333333333332, 13.875, 13.916666666666666, 13.958333333333332, 14.0, 14.041666666666666, 14.083333333333332, 14.125, 14.166666666666666, 14.208333333333332, 14.25, 14.291666666666666, 14.333333333333332, 14.375, 14.416666666666666, 14.458333333333332, 14.5, 14.541666666666666, 14.583333333333332, 14.625, 14.666666666666666, 14.708333333333332, 14.75, 14.791666666666666, 14.833333333333332, 14.875, 14.916666666666666, 14.958333333333332, 15.0, 15.041666666666666, 15.083333333333332, 15.125, 15.166666666666666, 15.208333333333332, 15.25, 15.291666666666666, 15.333333333333332, 15.375, 15.416666666666666, 15.458333333333332, 15.5, 15.541666666666666, 15.583333333333332, 15.625, 15.666666666666666, 15.708333333333332, 15.75, 15.791666666666666, 15.833333333333332, 15.875, 15.916666666666666, 15.958333333333332, 16.0, 16.041666666666664, 16.083333333333332, 16.125, 16.166666666666664, 16.208333333333332, 16.25, 16.291666666666664, 16.333333333333332, 16.375, 16.416666666666664, 16.458333333333332, 16.5, 16.541666666666664, 16.583333333333332, 16.625, 16.666666666666664, 16.708333333333332, 16.75, 16.791666666666664, 16.833333333333332, 16.875, 16.916666666666664, 16.958333333333332, 17.0, 17.041666666666664, 17.083333333333332, 17.125, 17.166666666666664, 17.208333333333332, 17.25, 17.291666666666664, 17.333333333333332, 17.375, 17.416666666666664, 17.458333333333332, 17.5, 17.541666666666664, 17.583333333333332, 17.625, 17.666666666666664, 17.708333333333332, 17.75, 17.791666666666664, 17.833333333333332, 17.875, 17.916666666666664, 17.958333333333332, 18.0, 18.041666666666664, 18.083333333333332, 18.125, 18.166666666666664, 18.208333333333332, 18.25, 18.291666666666664, 18.333333333333332, 18.375, 18.416666666666664, 18.458333333333332, 18.5, 18.541666666666664, 18.583333333333332, 18.625, 18.666666666666664, 18.708333333333332, 18.75, 18.791666666666664, 18.833333333333332, 18.875, 18.916666666666664, 18.958333333333332, 19.0, 19.041666666666664, 19.083333333333332, 19.125, 19.166666666666664, 19.208333333333332, 19.25, 19.291666666666664, 19.333333333333332, 19.375, 19.416666666666664, 19.458333333333332, 19.5, 19.541666666666664, 19.583333333333332, 19.625, 19.666666666666664, 19.708333333333332, 19.75, 19.791666666666664, 19.833333333333332, 19.875, 19.916666666666664, 19.958333333333332, 20.0, 20.041666666666664, 20.083333333333332, 20.125, 20.166666666666664, 20.208333333333332, 20.25, 20.291666666666664, 20.333333333333332, 20.375, 20.416666666666664, 20.458333333333332, 20.5, 20.541666666666664, 20.583333333333332, 20.625, 20.666666666666664, 20.708333333333332, 20.75, 20.833333333333332}}
			}

			Value
			{
				Key
				{
					float[16]
					{
						{0.5323663353919983, 0.8464213013648987, 0.012532317079603672, 0.0, 0.006578090135008097, -0.018940631300210953, 0.9997989535331726, 0.0, 0.8464885354042053, -0.5321768522262573, -0.015651186928153038, 0.0, 11.543245315551758, -5.501076698303223, 0.0, 1.0},
						{0.5358651280403137, 0.8442106246948242, 0.012532319873571396, 0.0, 0.006499639246612787, -0.01896769367158413, 0.9997989535331726, 0.0, 0.8442785739898682, -0.5356758832931519, -0.015651188790798187, 0.0, 11.509737014770508, -5.5510358810424805, 0.0, 1.0},
						{0.539354681968689, 0.8419854640960693, 0.012532321736216545, 0.0, 0.006421076599508524, -0.01899443008005619, 0.9997989535331726, 0.0, 0.8420543074607849, -0.539165735244751, -0.015651192516088486, 0.0, 11.476226806640625, -5.600995063781738, 0.0, 1.0},
						{0.5428345799446106, 0.8397461175918579, 0.012532317079603672, 0.0, 0.006342414300888777, -0.019020846113562584, 0.9997989535331726, 0.0, 0.8398156762123108, -0.5426459908485413, -0.015651186928153038, 0.0, 11.442718505859375, -5.650954246520996, 0.0, 1.0},
						{0.5463055968284607, 0.8374922275543213, 0.012532319873571396, 0.0, 0.0062636323273181915, -0.019046930596232414, 0.9997989535331726, 0.0, 0.8375625610351562, -0.5461173057556152, -0.015651190653443336, 0.0, 11.409208297729492, -5.700913429260254, 0.0, 1.0},
						{0.5497671365737915, 0.835223913192749, 0.012532318942248821, 0.0, 0.006184746511280537, -0.019072692841291428, 0.9997989535331726, 0.0, 0.8352950215339661, -0.5495790839195251, -0.015651188790798187, 0.0, 11.375699996948242, -5.7508721351623535, 0.0, 1.0},
						{0.5532194972038269, 0.8329412341117859, 0.012532319873571396, 0.0, 0.006105750799179077, -0.019098125398159027, 0.9997989535331726, 0.0, 0.8330131769180298, -0.5530317425727844, -0.015651190653443336, 0.0, 11.34218978881836, -5.8008317947387695, 0.0, 1.0},
						{0.5566619038581848, 0.8306446671485901, 0.012532319873571396, 0.0, 0.0060266610234975815, -0.01912323199212551, 0.9997989535331726, 0.0, 0.8307173252105713, -0.5564744472503662, -0.015651190653443336, 0.0, 11.30868148803711, -5.850790977478027, 0.0, 1.0},
						{0.5600951313972473, 0.8283334970474243, 0.012532319873571396, 0.0, 0.005947459023445845, -0.01914801262319088, 0.9997989535331726, 0.0, 0.8284069895744324, -0.5599079728126526, -0.015651190653443336, 0.0, 11.27517318725586, -5.900750160217285, 0.0, 1.0},
						{0.5635184049606323, 0.8260083794593811, 0.012532317079603672, 0.0, 0.005868163425475359, -0.019172467291355133, 0.9997989535331726, 0.0, 0.8260825872421265, -0.5633316040039062, -0.015651186928153038, 0.0, 11.241662979125977, -5.950709819793701, 0.0, 1.0},
						{0.5669324994087219, 0.823668897151947, 0.012532319873571396, 0.0, 0.005788756068795919, -0.019196586683392525, 0.9997989535331726, 0.0, 0.8237439393997192, -0.5667459964752197, -0.015651190653443336, 0.0, 11.208154678344727, -6.000668525695801, 0.0, 1.0},
						{0.5703365802764893, 0.8213155269622803, 0.012532318942248821, 0.0, 0.0057092588394880295, -0.01922038197517395, 0.9997989535331726, 0.0, 0.8213912844657898, -0.5701503157615662, -0.015651188790798187, 0.0, 11.174646377563477, -6.050628185272217, 0.0, 1.0},
						{0.5737311840057373, 0.8189477324485779, 0.012532319873571396, 0.0, 0.0056296526454389095, -0.019243845716118813, 0.9997989535331726, 0.0, 0.8190242648124695, -0.5735453367233276, -0.015651192516088486, 0.0, 11.141134262084961, -6.100586891174316, 0.0, 1.0},
						{0.5771156549453735, 0.8165662288665771, 0.012532321736216545, 0.0, 0.005549959372729063, -0.019266977906227112, 0.9997989535331726, 0.0, 0.8166435956954956, -0.5769301652908325, -0.015651194378733635, 0.0, 11.107625961303711, -6.150546550750732, 0.0, 1.0},
						{0.5804901123046875, 0.814170777797699, 0.012532317079603672, 0.0, 0.005470176227390766, -0.019289787858724594, 0.9997989535331726, 0.0, 0.8142489194869995, -0.5803049206733704, -0.015651188790798187, 0.0, 11.074115753173828, -6.200505256652832, 0.0, 1.0},
						{0.5838549733161926, 0.8117613196372986, 0.012532319873571396, 0.0, 0.0053902906365692616, -0.019312262535095215, 0.9997989535331726, 0.0, 0.8118401169776917, -0.5836700201034546, -0.015651188790798187, 0.0, 11.040607452392578, -6.250464916229248, 0.0, 1.0},
						{0.5872097015380859, 0.8093377351760864, 0.012532319873571396, 0.0, 0.005310313310474157, -0.019334403797984123, 0.9997989535331726, 0.0, 0.8094174265861511, -0.5870251059532166, -0.015651192516088486, 0.0, 11.007099151611328, -6.300424098968506, 0.0, 1.0},
						{0.590554416179657, 0.8069005012512207, 0.012532319873571396, 0.0, 0.005230243783444166, -0.019356219097971916, 0.9997989535331726, 0.0, 0.8069808483123779, -0.5903701782226562, -0.015651190653443336, 0.0, 10.973588943481445, -6.350383281707764, 0.0, 1.0},
						{0.5938888192176819, 0.8044494986534119, 0.012532317079603672, 0.0, 0.005150092765688896, -0.019377699121832848, 0.9997989535331726, 0.0, 0.804530680179596, -0.593704879283905, -0.015651188790798187, 0.0, 10.940080642700195, -6.4003424644470215, 0.0, 1.0},
						{0.5972132682800293, 0.8019846677780151, 0.012532319873571396, 0.0, 0.005069845821708441, -0.019398849457502365, 0.9997989535331726, 0.0, 0.8020663857460022, -0.5970296859741211, -0.015651188790798187, 0.0, 10.906570434570312, -6.450301647186279, 0.0, 1.0},
						{0.6005275249481201, 0.7995057702064514, 0.012532319873571396, 0.0, 0.0049895113334059715, -0.019419662654399872, 0.9997989535331726, 0.0, 0.7995885014533997, -0.6003442406654358, -0.015651190653443336, 0.0, 10.873062133789062, -6.500260829925537, 0.0, 1.0},
						{0.6038312315940857, 0.7970136404037476, 0.012532318942248821, 0.0, 0.004909098614007235, -0.019440151751041412, 0.9997989535331726, 0.0, 0.7970970869064331, -0.60364830493927, -0.015651188790798187, 0.0, 10.83955192565918, -6.550220012664795, 0.0, 1.0},
						{0.6071247458457947, 0.7945076823234558, 0.012532318942248821, 0.0, 0.0048285964876413345, -0.019460303708910942, 0.9997989535331726, 0.0, 0.7945918440818787, -0.6069422364234924, -0.015651188790798187, 0.0, 10.80604362487793, -6.600179195404053, 0.0, 1.0},
						{0.6104078888893127, 0.7919880747795105, 0.012532318942248821, 0.0, 0.00474801380187273, -0.01948012225329876, 0.9997989535331726, 0.0, 0.7920730710029602, -0.6102256178855896, -0.015651188790798187, 0.0, 10.77253532409668, -6.6501383781433105, 0.0, 1.0},
						{0.6136804819107056, 0.7894549369812012, 0.012532317079603672, 0.0, 0.0046673486940562725, -0.019499605521559715, 0.9997989535331726, 0.0, 0.7895405888557434, -0.6134986281394958, -0.015651186928153038, 0.0, 10.739025115966797, -6.700097560882568, 0.0, 1.0},
						{0.6169428825378418, 0.7869081497192383, 0.012532319873571396, 0.0, 0.0045865983702242374, -0.01951875165104866, 0.9997989535331726, 0.0, 0.7869945764541626, -0.6167613863945007, -0.015651190653443336, 0.0, 10.705516815185547, -6.750056743621826, 0.0, 1.0},
						{0.6201943159103394, 0.7843481302261353, 0.012532318942248821, 0.0, 0.004505778197199106, -0.01953756995499134, 0.9997989535331726, 0.0, 0.7844353318214417, -0.6200131773948669, -0.015651188790798187, 0.0, 10.672006607055664, -6.800015926361084, 0.0, 1.0},
						{0.6234353184700012, 0.7817744612693787, 0.012532318942248821, 0.0, 0.004424876533448696, -0.01955605112016201, 0.9997989535331726, 0.0, 0.7818624377250671, -0.6232545375823975, -0.015651188790798187, 0.0, 10.638498306274414, -6.849975109100342, 0.0, 1.0},
						{0.6266656517982483, 0.7791874408721924, 0.012532319873571396, 0.0, 0.00434389803558588, -0.019574197009205818, 0.9997989535331726, 0.0, 0.7792761325836182, -0.6264852285385132, -0.015651190653443336, 0.0, 10.604988098144531, -6.8999342918396, 0.0, 1.0},
						{0.6298850774765015, 0.776587188243866, 0.012532319873571396, 0.0, 0.004262848291546106, -0.019592005759477615, 0.9997989535331726, 0.0, 0.7766765356063843, -0.6297050714492798, -0.015651190653443336, 0.0, 10.571479797363281, -6.949893474578857, 0.0, 1.0},
						{0.6330938935279846, 0.7739735245704651, 0.012532318942248821, 0.0, 0.004181724041700363, -0.019609484821558, 0.9997989535331726, 0.0, 0.774063766002655, -0.6329141855239868, -0.015651188790798187, 0.0, 10.537969589233398, -6.999852657318115, 0.0, 1.0},
						{0.6362915635108948, 0.771346926689148, 0.012532316148281097, 0.0, 0.004100536461919546, -0.01962662674486637, 0.9997989535331726, 0.0, 0.7714377641677856, -0.6361122727394104, -0.01565118506550789, 0.0, 10.504461288452148, -7.049811840057373, 0.0, 1.0},
						{0.6395185589790344, 0.7686734199523926, 0.012532316148281097, 0.0, 0.004018245730549097, -0.019643638283014297, 0.9997989535331726, 0.0, 0.7687651515007019, -0.6393396854400635, -0.015651186928153038, 0.0, 10.466346740722656, -7.096210956573486, 0.0, 1.0},
						{0.6427475810050964, 0.7659754753112793, 0.012532316148281097, 0.0, 0.003935547545552254, -0.019660374149680138, 0.9997989535331726, 0.0, 0.7660678625106812, -0.6425690650939941, -0.01565118506550789, 0.0, 10.426694869995117, -7.141422748565674, 0.0, 1.0},
						{0.6459653973579407, 0.7632638216018677, 0.012532317079603672, 0.0, 0.0038527760189026594, -0.019676759839057922, 0.9997989535331726, 0.0, 0.7633569836616516, -0.645787239074707, -0.015651186928153038, 0.0, 10.387042999267578, -7.186634540557861, 0.0, 1.0},
						{0.6491716504096985, 0.760538637638092, 0.012532317079603672, 0.0, 0.0037699355743825436, -0.0196928009390831, 0.9997989535331726, 0.0, 0.7606325149536133, -0.6489939093589783, -0.015651186928153038, 0.0, 10.347393035888672, -7.231846332550049, 0.0, 1.0},
						{0.6523663401603699, 0.7578000426292419, 0.012532316148281097, 0.0, 0.0036870331969112158, -0.01970849186182022, 0.9997989535331726, 0.0, 0.7578948140144348, -0.6521889567375183, -0.015651186928153038, 0.0, 10.307741165161133, -7.277058124542236, 0.0, 1.0},
						{0.6555495262145996, 0.7550482153892517, 0.012532317079603672, 0.0, 0.0036040651611983776, -0.019723830744624138, 0.9997989535331726, 0.0, 0.7551435828208923, -0.6553725600242615, -0.015651186928153038, 0.0, 10.268089294433594, -7.322269916534424, 0.0, 1.0},
						{0.6587211489677429, 0.7522826790809631, 0.012532317079603672, 0.0, 0.003521028906106949, -0.01973882131278515, 0.9997989535331726, 0.0, 0.7523788809776306, -0.658544659614563, -0.015651188790798187, 0.0, 10.228437423706055, -7.367481708526611, 0.0, 1.0},
						{0.6618810296058655, 0.7495040893554688, 0.012532317079603672, 0.0, 0.0034379346761852503, -0.019753463566303253, 0.9997989535331726, 0.0, 0.7496010661125183, -0.6617048978805542, -0.015651188790798187, 0.0, 10.188787460327148, -7.412693500518799, 0.0, 1.0},
						{0.665028989315033, 0.7467122673988342, 0.012532316148281097, 0.0, 0.0033547836355865, -0.0197677593678236, 0.9997989535331726, 0.0, 0.7468099594116211, -0.6648532748222351, -0.01565118506550789, 0.0, 10.14913558959961, -7.457905292510986, 0.0, 1.0},
						{0.6681656241416931, 0.7439069747924805, 0.012532317079603672, 0.0, 0.0032715615816414356, -0.019781699404120445, 0.9997989535331726, 0.0, 0.7440053820610046, -0.6679903864860535, -0.015651188790798187, 0.0, 10.10948371887207, -7.503117084503174, 0.0, 1.0},
						{0.6712902188301086, 0.7410886287689209, 0.012532317079603672, 0.0, 0.00318828783929348, -0.019795292988419533, 0.9997989535331726, 0.0, 0.7411876916885376, -0.6711153388023376, -0.015651186928153038, 0.0, 10.069833755493164, -7.548328876495361, 0.0, 1.0},
						{0.6744027733802795, 0.7382572889328003, 0.012532316148281097, 0.0, 0.0031049614772200584, -0.019808536395430565, 0.9997989535331726, 0.0, 0.7383571863174438, -0.674228310585022, -0.015651186928153038, 0.0, 10.030181884765625, -7.593540668487549, 0.0, 1.0},
						{0.6775035858154297, 0.7354126572608948, 0.012532314285635948, 0.0, 0.003021574579179287, -0.019821427762508392, 0.9997989535331726, 0.0, 0.7355132699012756, -0.6773295402526855, -0.01565118506550789, 0.0, 9.990531921386719, -7.638752460479736, 0.0, 1.0},
						{0.6805922985076904, 0.7325551509857178, 0.012532317079603672, 0.0, 0.002938134130090475, -0.019833967089653015, 0.9997989535331726, 0.0, 0.7326563596725464, -0.6804187297821045, -0.015651186928153038, 0.0, 9.95088005065918, -7.683964252471924, 0.0, 1.0},
						{0.6836689710617065, 0.729684591293335, 0.012532317079603672, 0.0, 0.0028546445537358522, -0.019846152514219284, 0.9997989535331726, 0.0, 0.7297865748405457, -0.6834957599639893, -0.015651186928153038, 0.0, 9.91122817993164, -7.729176044464111, 0.0, 1.0},
						{0.686733603477478, 0.7268010973930359, 0.012532316148281097, 0.0, 0.0027711030561476946, -0.019857991486787796, 0.9997989535331726, 0.0, 0.7269038558006287, -0.6865608096122742, -0.01565118506550789, 0.0, 9.871578216552734, -7.774387836456299, 0.0, 1.0},
						{0.6897861957550049, 0.7239046096801758, 0.012532317079603672, 0.0, 0.002687509171664715, -0.019869476556777954, 0.9997989535331726, 0.0, 0.7240081429481506, -0.6896138191223145, -0.015651188790798187, 0.0, 9.831926345825195, -7.819599628448486, 0.0, 1.0},
						{0.6928262114524841, 0.7209957242012024, 0.012532317079603672, 0.0, 0.002603877102956176, -0.019880609586834908, 0.9997989535331726, 0.0, 0.7210999131202698, -0.6926542520523071, -0.015651186928153038, 0.0, 9.792276382446289, -7.864811420440674, 0.0, 1.0},
						{0.6958541870117188, 0.7180736660957336, 0.012532317079603672, 0.0, 0.002520189853385091, -0.019891392439603806, 0.9997989535331726, 0.0, 0.7181786894798279, -0.6956827640533447, -0.015651188790798187, 0.0, 9.75262451171875, -7.910024166107178, 0.0, 1.0},
						{0.6988698840141296, 0.7151390314102173, 0.012532317079603672, 0.0, 0.002436460228636861, -0.01990182138979435, 0.9997989535331726, 0.0, 0.7152446508407593, -0.6986987590789795, -0.015651186928153038, 0.0, 9.712972640991211, -7.955235004425049, 0.0, 1.0},
						{0.7018730640411377, 0.7121917009353638, 0.012532317079603672, 0.0, 0.0023526870645582676, -0.01991189643740654, 0.9997989535331726, 0.0, 0.7122980952262878, -0.7017025351524353, -0.015651188790798187, 0.0, 9.673322677612305, -8.000446319580078, 0.0, 1.0},
						{0.704863965511322, 0.7092317938804626, 0.012532317079603672, 0.0, 0.002268874319270253, -0.019921619445085526, 0.9997989535331726, 0.0, 0.709338903427124, -0.7046937942504883, -0.015651188790798187, 0.0, 9.633670806884766, -8.045658111572266, 0.0, 1.0},
						{0.7078421711921692, 0.7062593698501587, 0.012532316148281097, 0.0, 0.0021850222256034613, -0.019930994138121605, 0.9997989535331726, 0.0, 0.7063672542572021, -0.7076725959777832, -0.015651186928153038, 0.0, 9.59402084350586, -8.090869903564453, 0.0, 1.0},
						{0.7108080983161926, 0.7032743096351624, 0.012532317079603672, 0.0, 0.0021011277567595243, -0.019940009340643883, 0.9997989535331726, 0.0, 0.7033828496932983, -0.7106388211250305, -0.015651186928153038, 0.0, 9.55436897277832, -8.13608169555664, 0.0, 1.0},
						{0.7137611508369446, 0.7002769708633423, 0.012532316148281097, 0.0, 0.002017201157286763, -0.019948678091168404, 0.9997989535331726, 0.0, 0.7003862261772156, -0.7135923504829407, -0.01565118506550789, 0.0, 9.514719009399414, -8.181293487548828, 0.0, 1.0},
						{0.7167017459869385, 0.6972671151161194, 0.012532314285635948, 0.0, 0.0019332360243424773, -0.01995699107646942, 0.9997989535331726, 0.0, 0.69737708568573, -0.7165334820747375, -0.01565118506550789, 0.0, 9.475067138671875, -8.226505279541016, 0.0, 1.0},
						{0.7196296453475952, 0.694244921207428, 0.012532317079603672, 0.0, 0.0018492346862331033, -0.019964946433901787, 0.9997989535331726, 0.0, 0.6943556070327759, -0.7194619178771973, -0.015651188790798187, 0.0, 9.435417175292969, -8.271718978881836, 0.0, 1.0},
						{0.7225449085235596, 0.6912104487419128, 0.012532318942248821, 0.0, 0.001765201217494905, -0.019972551614046097, 0.9997989535331726, 0.0, 0.6913217902183533, -0.7223774790763855, -0.015651188790798187, 0.0, 9.39576530456543, -8.31692886352539, 0.0, 1.0},
						{0.7254471778869629, 0.688163697719574, 0.012532317079603672, 0.0, 0.0016811375971883535, -0.019979802891612053, 0.9997989535331726, 0.0, 0.6882757544517517, -0.7252802848815918, -0.015651186928153038, 0.0, 9.35611343383789, -8.362140655517578, 0.0, 1.0},
						{0.728336751461029, 0.6851047873497009, 0.012532317079603672, 0.0, 0.0015970428939908743, -0.019986702129244804, 0.9997989535331726, 0.0, 0.685217559337616, -0.7281702160835266, -0.015651186928153038, 0.0, 9.316463470458984, -8.407354354858398, 0.0, 1.0},
						{0.7312130928039551, 0.6820339560508728, 0.012532314285635948, 0.0, 0.0015129274688661098, -0.01999324932694435, 0.9997989535331726, 0.0, 0.6821475028991699, -0.7310472130775452, -0.01565118506550789, 0.0, 9.276811599731445, -8.452564239501953, 0.0, 1.0},
						{0.7340816855430603, 0.6789454817771912, 0.012532317079603672, 0.0, 0.00142863264773041, -0.019999442622065544, 0.9997989535331726, 0.0, 0.679059624671936, -0.7339162826538086, -0.015651186928153038, 0.0, 9.234382629394531, -8.4949951171875, 0.0, 1.0},
						{0.7369415760040283, 0.6758401393890381, 0.012532316148281097, 0.0, 0.0013441822957247496, -0.020005298778414726, 0.9997989535331726, 0.0, 0.6759549975395203, -0.7367767095565796, -0.015651188790798187, 0.0, 9.189178466796875, -8.534645080566406, 0.0, 1.0},
						{0.7397885918617249, 0.6727226972579956, 0.012532319873571396, 0.0, 0.0012597040040418506, -0.02001079171895981, 0.9997989535331726, 0.0, 0.6728382110595703, -0.7396240830421448, -0.015651190653443336, 0.0, 9.143974304199219, -8.57429313659668, 0.0, 1.0},
						{0.7426221370697021, 0.669593334197998, 0.012532316148281097, 0.0, 0.0011752101127058268, -0.020015934482216835, 0.9997989535331726, 0.0, 0.6697096228599548, -0.742458164691925, -0.015651186928153038, 0.0, 9.09876823425293, -8.613941192626953, 0.0, 1.0},
						{0.7454426884651184, 0.6664518713951111, 0.012532317079603672, 0.0, 0.001090689213015139, -0.02002071775496006, 0.9997989535331726, 0.0, 0.6665688157081604, -0.74527907371521, -0.015651186928153038, 0.0, 9.053564071655273, -8.65359115600586, 0.0, 1.0},
						{0.7482498288154602, 0.6632985472679138, 0.012532317079603672, 0.0, 0.0010061486391350627, -0.020025143399834633, 0.9997989535331726, 0.0, 0.6634162068367004, -0.7480869293212891, -0.015651190653443336, 0.0, 9.008359909057617, -8.693239212036133, 0.0, 1.0},
						{0.7510439157485962, 0.660133421421051, 0.012532319873571396, 0.0, 0.000921589438803494, -0.020029211416840553, 0.9997989535331726, 0.0, 0.6602516770362854, -0.7508813142776489, -0.015651190653443336, 0.0, 8.963153839111328, -8.732887268066406, 0.0, 1.0},
						{0.7538241744041443, 0.6569566130638123, 0.012532318942248821, 0.0, 0.0008370177820324898, -0.02003292366862297, 0.9997989535331726, 0.0, 0.6570756435394287, -0.7536621689796448, -0.015651190653443336, 0.0, 8.917949676513672, -8.772537231445312, 0.0, 1.0},
						{0.7565913200378418, 0.6537678837776184, 0.012532318942248821, 0.0, 0.0007524263928644359, -0.020036280155181885, 0.9997989535331726, 0.0, 0.6538875699043274, -0.7564297914505005, -0.015651188790798187, 0.0, 8.872745513916016, -8.812185287475586, 0.0, 1.0},
						{0.759344756603241, 0.6505678296089172, 0.012532319873571396, 0.0, 0.0006678287754766643, -0.020039279013872147, 0.9997989535331726, 0.0, 0.6506882309913635, -0.7591837644577026, -0.015651190653443336, 0.0, 8.82754135131836, -8.851835250854492, 0.0, 1.0},
						{0.7620848417282104, 0.6473559737205505, 0.012532319873571396, 0.0, 0.0005832135793752968, -0.020041918382048607, 0.9997989535331726, 0.0, 0.6474770307540894, -0.7619242668151855, -0.015651190653443336, 0.0, 8.78233528137207, -8.891483306884766, 0.0, 1.0},
						{0.7648112177848816, 0.6441325545310974, 0.012532318942248821, 0.0, 0.0004985890118405223, -0.020044203847646713, 0.9997989535331726, 0.0, 0.6442543864250183, -0.7646512389183044, -0.015651190653443336, 0.0, 8.737129211425781, -8.931133270263672, 0.0, 1.0},
						{0.7675239443778992, 0.6408977508544922, 0.012532318942248821, 0.0, 0.0004139561497140676, -0.020046131685376167, 0.9997989535331726, 0.0, 0.6410201787948608, -0.767364501953125, -0.015651190653443336, 0.0, 8.691925048828125, -8.970781326293945, 0.0, 1.0},
						{0.770223081111908, 0.6376513838768005, 0.012532319873571396, 0.0, 0.00032931394525803626, -0.02004769816994667, 0.9997989535331726, 0.0, 0.6377744078636169, -0.770064115524292, -0.015651188790798187, 0.0, 8.646720886230469, -9.010429382324219, 0.0, 1.0},
						{0.7729083299636841, 0.6343938708305359, 0.012532317079603672, 0.0, 0.0002446717699058354, -0.02004891261458397, 0.9997989535331726, 0.0, 0.6345176100730896, -0.7727498412132263, -0.015651186928153038, 0.0, 8.601516723632812, -9.050077438354492, 0.0, 1.0},
						{0.7755799889564514, 0.6311249136924744, 0.012532318942248821, 0.0, 0.0001600192190380767, -0.020049765706062317, 0.9997989535331726, 0.0, 0.6312493085861206, -0.7754220962524414, -0.015651188790798187, 0.0, 8.556310653686523, -9.089727401733398, 0.0, 1.0},
						{0.7782377004623413, 0.6278446912765503, 0.012532318942248821, 0.0, 7.53666608943604e-05, -0.02005026303231716, 0.9997989535331726, 0.0, 0.6279698014259338, -0.7780803442001343, -0.015651188790798187, 0.0, 8.511106491088867, -9.129377365112305, 0.0, 1.0},
						{0.7808817028999329, 0.6245532631874084, 0.012532319873571396, 0.0, -9.2900463641854e-06, -0.020050399005413055, 0.9997989535331726, 0.0, 0.6246789693832397, -0.780724823474884, -0.015651190653443336, 0.0, 8.465902328491211, -9.169025421142578, 0.0, 1.0},
						{0.7835115790367126, 0.6212507486343384, 0.012532318942248821, 0.0, -9.394364315085113e-05, -0.020050182938575745, 0.9997989535331726, 0.0, 0.621377170085907, -0.7833552956581116, -0.015651190653443336, 0.0, 8.420696258544922, -9.208673477172852, 0.0, 1.0},
						{0.7861275672912598, 0.6179372072219849, 0.012532318942248821, 0.0, -0.0001785951608326286, -0.02004960924386978, 0.9997989535331726, 0.0, 0.6180643439292908, -0.7859717011451721, -0.015651188790798187, 0.0, 8.375492095947266, -9.248321533203125, 0.0, 1.0},
						{0.7887296080589294, 0.6146126389503479, 0.012532319873571396, 0.0, -0.0002632466785144061, -0.020048676058650017, 0.9997989535331726, 0.0, 0.6147403120994568, -0.7885743975639343, -0.015651190653443336, 0.0, 8.330286026000977, -9.287971496582031, 0.0, 1.0},
						{0.7913176417350769, 0.6112768054008484, 0.012532321736216545, 0.0, -0.00034789612982422113, -0.0200473815202713, 0.9997989535331726, 0.0, 0.6114051938056946, -0.79116290807724, -0.015651192516088486, 0.0, 8.28508186340332, -9.327619552612305, 0.0, 1.0},
						{0.7938913106918335, 0.607930600643158, 0.012532318942248821, 0.0, -0.00043252899195067585, -0.02004573866724968, 0.9997989535331726, 0.0, 0.6080596446990967, -0.7937370538711548, -0.015651188790798187, 0.0, 8.239877700805664, -9.367269515991211, 0.0, 1.0},
						{0.7964509725570679, 0.6045732498168945, 0.012532319873571396, 0.0, -0.0005171618540771306, -0.020043734461069107, 0.9997989535331726, 0.0, 0.604702889919281, -0.7962973713874817, -0.015651190653443336, 0.0, 8.194673538208008, -9.406917572021484, 0.0, 1.0},
						{0.7989964485168457, 0.6012051105499268, 0.012532319873571396, 0.0, -0.0006017843261361122, -0.020041368901729584, 0.9997989535331726, 0.0, 0.6013354063034058, -0.7988433837890625, -0.015651190653443336, 0.0, 8.149467468261719, -9.446565628051758, 0.0, 1.0},
						{0.8015276789665222, 0.5978262424468994, 0.012532317079603672, 0.0, -0.0006863974849693477, -0.020038653165102005, 0.9997989535331726, 0.0, 0.5979571342468262, -0.8013752102851868, -0.015651188790798187, 0.0, 8.104263305664062, -9.486215591430664, 0.0, 1.0},
						{0.8040446043014526, 0.5944368839263916, 0.012532317079603672, 0.0, -0.0007709940546192229, -0.020035576075315475, 0.9997989535331726, 0.0, 0.5945684909820557, -0.8038926124572754, -0.015651188790798187, 0.0, 8.059059143066406, -9.525863647460938, 0.0, 1.0},
						{0.8065470457077026, 0.5910369753837585, 0.012532317079603672, 0.0, -0.0008555760723538697, -0.020032143220305443, 0.9997989535331726, 0.0, 0.5911692380905151, -0.8063957095146179, -0.015651188790798187, 0.0, 8.013853073120117, -9.565511703491211, 0.0, 1.0},
						{0.8090354800224304, 0.5876262187957764, 0.012532319873571396, 0.0, -0.0009401508723385632, -0.02002834901213646, 0.9997989535331726, 0.0, 0.5877590775489807, -0.8088846206665039, -0.015651190653443336, 0.0, 7.968649387359619, -9.605161666870117, 0.0, 1.0},
						{0.8115091919898987, 0.5842052102088928, 0.012532319873571396, 0.0, -0.0010247008176520467, -0.020024200901389122, 0.9997989535331726, 0.0, 0.5843387246131897, -0.8113589882850647, -0.015651190653443336, 0.0, 7.92344331741333, -9.64480972290039, 0.0, 1.0},
						{0.8139687180519104, 0.5807734727859497, 0.012532321736216545, 0.0, -0.0011092423228546977, -0.020019695162773132, 0.9997989535331726, 0.0, 0.5809076428413391, -0.8138189315795898, -0.015651190653443336, 0.0, 7.878239154815674, -9.684457778930664, 0.0, 1.0},
						{0.8164113163948059, 0.5773348212242126, 0.012532318942248821, 0.0, -0.0011936802184209228, -0.020014839246869087, 0.9997989535331726, 0.0, 0.5774696469306946, -0.8162621259689331, -0.015651188790798187, 0.0, 7.8318352699279785, -9.722545623779297, 0.0, 1.0},
						{0.8188336491584778, 0.5738940834999084, 0.012532319873571396, 0.0, -0.0012778951786458492, -0.020009638741612434, 0.9997989535331726, 0.0, 0.5740295052528381, -0.818684995174408, -0.015651190653443336, 0.0, 7.781836032867432, -9.75594711303711, 0.0, 1.0},
						{0.8212412595748901, 0.5704433917999268, 0.012532318942248821, 0.0, -0.0013620842946693301, -0.020004086196422577, 0.9997989535331726, 0.0, 0.570579469203949, -0.8210932612419128, -0.015651188790798187, 0.0, 7.731835842132568, -9.789348602294922, 0.0, 1.0},
						{0.8236345648765564, 0.5669823884963989, 0.012532318942248821, 0.0, -0.0014462536200881004, -0.019998177886009216, 0.9997989535331726, 0.0, 0.5671190619468689, -0.8234871029853821, -0.015651188790798187, 0.0, 7.681835651397705, -9.822751998901367, 0.0, 1.0},
						{0.8260132670402527, 0.5635113716125488, 0.012532318942248821, 0.0, -0.001530395937152207, -0.019991915673017502, 0.9997989535331726, 0.0, 0.5636487007141113, -0.8258664011955261, -0.015651190653443336, 0.0, 7.631834506988525, -9.85615348815918, 0.0, 1.0},
						{0.8283771872520447, 0.5600303411483765, 0.012532317079603672, 0.0, -0.0016145124100148678, -0.019985295832157135, 0.9997989535331726, 0.0, 0.5601682662963867, -0.8282309770584106, -0.015651188790798187, 0.0, 7.5818352699279785, -9.889554977416992, 0.0, 1.0},
						{0.8307265639305115, 0.5565394163131714, 0.012532317079603672, 0.0, -0.0016985988477244973, -0.019978323951363564, 0.9997989535331726, 0.0, 0.5566779971122742, -0.8305809497833252, -0.015651190653443336, 0.0, 7.531835079193115, -9.922956466674805, 0.0, 1.0},
						{0.8330610990524292, 0.553039014339447, 0.012532317079603672, 0.0, -0.0017826498951762915, -0.019971003755927086, 0.9997989535331726, 0.0, 0.5531781315803528, -0.8329159617424011, -0.015651186928153038, 0.0, 7.481834888458252, -9.956357955932617, 0.0, 1.0},
						{0.835381031036377, 0.5495284199714661, 0.012532317079603672, 0.0, -0.00186667509842664, -0.019963324069976807, 0.9997989535331726, 0.0, 0.5496681332588196, -0.8352364897727966, -0.015651186928153038, 0.0, 7.431834697723389, -9.98975944519043, 0.0, 1.0},
						{0.8376861214637756, 0.5460080504417419, 0.012532317079603672, 0.0, -0.0019506692187860608, -0.019955290481448174, 0.9997989535331726, 0.0, 0.5461483597755432, -0.8375422358512878, -0.015651188790798187, 0.0, 7.381835460662842, -10.023160934448242, 0.0, 1.0},
						{0.8399763107299805, 0.5424782633781433, 0.012532317079603672, 0.0, -0.0020346250385046005, -0.019946904852986336, 0.9997989535331726, 0.0, 0.5426191687583923, -0.8398329615592957, -0.015651186928153038, 0.0, 7.331836223602295, -10.056564331054688, 0.0, 1.0},
						{0.8422517776489258, 0.5389386415481567, 0.012532317079603672, 0.0, -0.002118547447025776, -0.019938167184591293, 0.9997989535331726, 0.0, 0.5390801429748535, -0.8421090245246887, -0.015651186928153038, 0.0, 7.281835079193115, -10.0899658203125, 0.0, 1.0},
						{0.8445121645927429, 0.5353897213935852, 0.012532318942248821, 0.0, -0.0022024279460310936, -0.019929075613617897, 0.9997989535331726, 0.0, 0.5355318188667297, -0.8443700075149536, -0.015651188790798187, 0.0, 7.231834888458252, -10.123367309570312, 0.0, 1.0},
						{0.846757709980011, 0.5318310260772705, 0.012532317079603672, 0.0, -0.002286274917423725, -0.019919632002711296, 0.9997989535331726, 0.0, 0.5319737792015076, -0.8466161489486694, -0.015651188790798187, 0.0, 7.181835651397705, -10.156768798828125, 0.0, 1.0},
						{0.8489881157875061, 0.5282630920410156, 0.012532317079603672, 0.0, -0.002370076719671488, -0.01990983448922634, 0.9997989535331726, 0.0, 0.5284064412117004, -0.8488472104072571, -0.015651186928153038, 0.0, 7.131835460662842, -10.190170288085938, 0.0, 1.0},
						{0.8512036204338074, 0.5246858596801758, 0.012532317079603672, 0.0, -0.0024538380093872547, -0.019899684935808182, 0.9997989535331726, 0.0, 0.5248297452926636, -0.8510632514953613, -0.015651186928153038, 0.0, 7.081835746765137, -10.22357177734375, 0.0, 1.0},
						{0.8534041047096252, 0.5210992693901062, 0.012532318942248821, 0.0, -0.0025375571567565203, -0.01988918147981167, 0.9997989535331726, 0.0, 0.521243691444397, -0.8532642722129822, -0.015651186928153038, 0.0, 7.031835556030273, -10.256973266601562, 0.0, 1.0},
						{0.8555895090103149, 0.5175032019615173, 0.012532319873571396, 0.0, -0.0026212355587631464, -0.0198783241212368, 0.9997989535331726, 0.0, 0.5176482796669006, -0.8554503917694092, -0.015651190653443336, 0.0, 6.981834888458252, -10.290376663208008, 0.0, 1.0},
						{0.8577595949172974, 0.5138982534408569, 0.012532318942248821, 0.0, -0.002704861108213663, -0.019867120310664177, 0.9997989535331726, 0.0, 0.514043927192688, -0.8576210141181946, -0.015651188790798187, 0.0, 6.931834697723389, -10.323776245117188, 0.0, 1.0},
						{0.8599146008491516, 0.5102841258049011, 0.012532319873571396, 0.0, -0.002788441488519311, -0.01985556073486805, 0.9997989535331726, 0.0, 0.5104303956031799, -0.8597766757011414, -0.015651190653443336, 0.0, 6.881834030151367, -10.357179641723633, 0.0, 1.0},
						{0.862054169178009, 0.506661057472229, 0.012532317079603672, 0.0, -0.002871969947591424, -0.019843654707074165, 0.9997989535331726, 0.0, 0.5068078637123108, -0.8619168996810913, -0.015651186928153038, 0.0, 6.8318352699279785, -10.390581130981445, 0.0, 1.0},
						{0.8641787171363831, 0.5030288696289062, 0.012532318942248821, 0.0, -0.002955448580905795, -0.01983139105141163, 0.9997989535331726, 0.0, 0.5031763315200806, -0.8640420436859131, -0.015651190653443336, 0.0, 6.781834602355957, -10.423982620239258, 0.0, 1.0},
						{0.866287887096405, 0.49938786029815674, 0.012532317079603672, 0.0, -0.0030388764571398497, -0.019818779081106186, 0.9997989535331726, 0.0, 0.49953585863113403, -0.8661518096923828, -0.015651186928153038, 0.0, 6.731835842132568, -10.45738410949707, 0.0, 1.0},
						{0.8683816194534302, 0.49573802947998047, 0.012532316148281097, 0.0, -0.00312224798835814, -0.01980581507086754, 0.9997989535331726, 0.0, 0.4958866238594055, -0.8682461380958557, -0.015651186928153038, 0.0, 6.681834697723389, -10.490785598754883, 0.0, 1.0},
						{0.8704601526260376, 0.49207940697669983, 0.012532318942248821, 0.0, -0.00320556596852839, -0.019792500883340836, 0.9997989535331726, 0.0, 0.49222853779792786, -0.8703252673149109, -0.015651188790798187, 0.0, 6.631834506988525, -10.524187088012695, 0.0, 1.0},
